210 100
-14 -40 -128 -32 -128 -128 37 127 -119 127 127 83 -125 -84 -128 -59 104 -128 -128 85 127 38 -121 73 38 -128 -128 -43 73 -128 127 44 67 -90 127 -106 -128 127 -128 127 45 -128 -114 127 127 -123 105 127 78 127 -128 -53 88 63 -128 -128 127 -20 127 127 127 127 127 127 -128 3 -36 127 -128 -119 18 -128 127 49 127 
-14 88 127 -32 -128 -128 37 127 -128 127 127 83 -125 -84 -128 -88 104 -128 -128 85 127 117 -121 73 38 -128 -128 -43 73 -128 127 44 67 -128 127 -106 -128 127 -128 127 -128 -36 -114 127 122 -123 105 127 78 127 127 -53 88 63 -128 -128 127 83 127 127 -47 127 127 6 -128 -111 -36 127 -128 -119 18 -128 127 127 127 
-14 88 127 -32 -128 -128 37 127 -119 127 127 83 -125 -84 -41 -59 104 -128 -128 85 127 38 -121 73 38 -128 -128 10 73 -128 127 46 67 -90 127 -106 -128 127 -128 127 -128 -36 -114 127 122 -123 105 127 78 127 127 -53 88 63 -128 -128 127 -20 127 127 127 127 -128 -128 -128 25 -82 127 -128 -119 127 -128 127 49 127 
-14 88 -128 -32 -128 -128 37 127 -119 127 127 83 -125 -84 -128 -59 104 -128 -128 85 127 38 -121 73 38 -128 -128 -43 73 -128 127 46 67 -128 127 -106 -128 127 -128 54 -128 -128 -128 127 127 -123 105 127 78 127 -109 -53 88 63 -128 -128 127 83 127 -32 127 127 -128 -128 -128 -111 -36 127 -128 -119 18 -128 127 49 127 
-124 95 67 -32 -128 -128 37 127 -128 127 127 83 -125 -84 -41 -59 104 -128 -128 85 127 38 -121 73 38 -128 -128 -43 73 -128 127 44 67 -90 127 -106 -128 127 -128 54 -128 -128 -114 127 127 -123 105 127 78 127 127 -53 88 63 -128 -128 127 -20 127 127 85 127 127 127 -128 25 -128 127 -128 -128 127 -128 127 127 -128 
-14 88 -128 -32 -128 -128 37 127 -128 127 127 83 -125 -84 -41 -59 104 -128 -128 85 127 38 -121 73 38 127 -128 10 73 -128 127 46 -128 -90 127 -106 -128 127 -128 127 127 -128 -128 127 127 -123 105 127 78 127 127 -53 88 63 -128 -128 127 -20 127 -32 -47 127 127 127 -128 3 1 127 59 -119 18 -128 127 86 127 
-124 88 127 -32 -128 -128 37 127 -128 127 127 83 -125 -84 -41 -59 104 -128 -128 85 127 117 -121 73 38 -128 -128 -43 73 -128 127 44 67 -90 127 -106 -128 127 -128 54 -128 -36 -114 127 127 -123 105 127 78 127 127 -53 88 63 -128 -128 127 -20 127 127 127 127 127 -128 -128 3 1 127 -128 -119 18 -128 127 127 127 
127 88 -128 -32 -128 -128 37 127 -128 127 127 83 -125 -84 -41 -59 104 -128 -128 85 127 38 -121 73 38 -128 -128 10 73 -128 127 44 67 -128 127 -106 -128 127 -128 127 45 -73 -114 127 127 -123 105 127 78 127 -109 -53 88 63 -128 -128 127 -20 127 -32 127 127 127 127 -128 3 -36 127 -128 -119 18 -128 127 49 127 
-124 88 -128 -32 -128 -128 37 127 -119 127 127 83 -125 -84 -41 -59 104 -128 -128 85 127 117 -121 73 38 127 -128 10 73 -128 127 46 67 -90 127 -106 -128 127 -128 127 45 -36 -114 127 127 -123 105 127 -128 127 127 -53 88 63 -128 -128 127 -20 127 127 85 -128 127 127 -128 25 -36 127 -128 -119 18 -128 127 127 127 
-14 88 -128 -32 -128 -128 37 127 -119 127 127 83 -125 -84 -41 -59 104 -128 -128 85 127 117 -121 73 38 -128 -128 -43 73 -128 127 46 -128 -90 127 -106 -128 127 -128 54 -128 -73 -128 127 127 -123 105 127 -128 127 127 -53 88 63 -128 -128 127 83 127 -32 -47 127 127 -128 -128 3 -36 -128 -128 -119 18 -128 127 49 127 
-14 95 127 -32 -128 -128 37 127 -128 127 127 -115 -125 -84 -41 -59 104 -128 -128 85 127 38 -121 73 38 -128 -128 10 73 -128 127 46 67 -90 127 -106 -128 127 -128 127 -128 -36 -128 127 127 -123 105 127 78 127 127 -53 88 63 -128 -128 127 -20 127 -32 127 127 127 -32 -128 3 -36 127 -128 -119 18 -128 127 49 127 
-14 88 127 -32 -128 -128 37 127 -128 127 127 83 -125 -84 -128 -59 104 -128 -128 85 127 38 -121 73 38 -128 -128 -43 73 -128 127 46 67 -90 127 -106 -128 127 -128 127 43 -128 -114 127 127 -123 105 127 78 127 127 -53 88 63 -128 -128 127 83 -128 -32 -47 127 127 127 -128 3 -36 127 -128 -128 18 -128 127 127 127 
-14 88 -128 -32 -128 -128 37 127 -119 127 127 83 -125 -84 -41 -59 104 -128 -128 85 127 38 -121 73 38 -128 -128 10 73 -128 127 46 67 -90 127 -106 -128 127 -128 127 -128 -36 -114 127 122 -123 105 127 78 127 -109 -53 88 115 -128 -128 127 -20 127 127 -47 127 127 -32 -128 3 -82 127 -128 -119 127 -128 127 49 127 
-14 95 127 -32 -128 -128 37 127 -23 127 127 83 -125 -84 -41 -59 104 -128 -128 85 127 38 -121 73 -13 127 -128 10 73 -128 127 44 67 -128 127 -106 -128 127 -128 127 -128 -36 -114 127 127 -123 105 127 78 127 -109 -53 88 63 -128 -128 127 110 127 -32 127 127 127 127 -128 25 -36 127 -128 -119 127 -128 127 127 127 
-14 88 127 -32 -128 -128 37 127 -128 127 22 83 -125 -84 -41 -59 104 -128 -128 85 127 117 -121 73 38 -128 -128 -43 73 -128 127 -22 67 -90 127 -106 -128 127 -128 54 -128 -128 -114 127 127 -123 105 127 78 127 -109 -53 88 63 -128 -128 127 -20 -128 -32 -56 127 -128 -128 -128 3 -36 127 -128 -119 18 -128 127 127 127 
-14 88 -128 -32 -128 -128 37 127 -119 127 127 83 -125 -84 113 -59 104 -128 -128 85 127 127 -121 73 38 -128 -128 10 -113 -128 127 44 67 -128 127 -106 -128 127 -128 127 -128 -128 -114 127 127 -123 105 127 78 127 127 -53 88 63 -128 -128 127 -20 -128 127 127 127 127 -128 -128 -111 1 127 -128 -119 127 -128 127 49 127 
-14 88 -128 -32 -128 -128 37 127 -128 127 127 83 -125 -84 -41 -59 104 -128 -128 85 127 38 -121 73 38 -128 -128 -43 -104 -128 127 44 67 -90 127 -106 -128 127 -128 54 -128 -73 -128 127 127 -123 105 127 -128 127 -109 -53 88 63 -128 -128 127 -20 127 -32 127 127 127 -32 -128 3 -36 127 -128 -119 18 -128 127 127 127 
-14 95 -128 -32 -128 -128 -46 127 72 127 127 83 -125 -84 -41 127 104 -128 -128 85 127 38 -121 73 38 -128 -128 -43 73 -128 127 44 67 -128 127 -106 -128 127 -128 127 45 -73 -114 127 127 -123 -77 127 78 127 -128 -53 88 115 -128 -128 127 -20 127 127 -56 127 -128 -128 -128 3 1 127 -128 -119 18 -128 127 49 127 
-14 88 127 -32 -128 -128 37 127 -128 127 127 83 -125 -84 -41 -59 104 -128 -128 85 127 38 -121 73 38 -128 -128 10 73 -128 127 44 67 -128 127 -106 -128 127 -128 54 -128 -128 -114 127 127 127 105 127 78 127 127 -53 88 63 -128 -128 127 -20 -128 127 127 127 127 -106 -128 3 -36 127 -128 -119 127 -128 127 127 127 
-14 88 127 -32 -128 -128 37 127 -128 127 127 83 -125 -84 113 -59 104 -128 -128 85 127 117 -121 73 -13 127 -128 -43 73 -128 127 44 67 -90 127 -106 -128 127 -128 58 -128 -128 -114 127 127 -123 105 127 78 127 127 -53 88 63 -128 -128 127 -20 127 127 127 127 127 127 -128 3 -36 127 -128 127 127 -128 127 49 127 
-14 88 127 -32 -128 -128 37 127 -119 127 127 83 -125 -84 -41 -59 104 -128 -128 85 127 117 105 73 38 -128 -128 10 73 -128 127 46 67 -90 127 -106 -128 127 -128 54 -128 -128 -114 127 122 -123 105 127 78 127 127 -53 88 63 -128 -128 127 -20 127 -32 127 127 -128 -128 127 25 -36 127 -128 -119 18 -128 127 127 127 
-14 88 127 -32 -128 -128 37 127 -128 127 127 83 -125 -84 -41 -59 104 -128 -128 85 127 38 -121 73 38 -128 -128 10 73 -128 127 46 67 127 127 -106 -128 127 -128 127 -128 -36 -114 127 127 -123 105 127 78 127 -128 -53 88 63 -128 -128 127 -20 127 127 127 127 127 127 -128 3 -36 127 -128 -119 127 -128 127 127 127 
-14 88 -128 -32 -128 -128 37 127 -128 127 127 83 -125 -84 -41 -59 104 -128 -128 85 127 117 -121 73 38 -128 -128 -43 73 -128 127 44 67 -90 127 -106 -128 127 -128 127 45 -128 -114 127 127 -123 105 127 78 127 -128 -53 88 63 -128 -128 127 -20 127 127 127 127 127 127 40 25 -36 127 -128 -119 18 -128 127 127 127 
-14 95 -128 -32 -128 -128 37 127 -128 127 127 83 -125 -84 -41 -59 104 -128 -128 85 127 127 -121 73 38 -128 -128 -43 73 -128 127 44 67 -90 127 -106 -128 127 -128 127 45 -128 -114 127 127 -123 105 127 78 127 -6 -53 88 63 -128 -128 127 83 127 127 127 127 127 127 -128 25 -36 127 -128 -119 18 -128 127 127 127 
-14 95 -128 -32 -128 -128 37 127 -128 -128 127 83 -125 -84 -41 -59 104 117 -128 85 127 108 -121 73 38 -128 -128 -43 73 -128 127 46 -128 -90 127 -106 -128 127 -128 58 -128 -128 -128 127 122 -123 105 127 78 127 -128 -53 88 -8 -128 -128 127 -20 127 127 127 127 127 127 -3 3 -36 127 -128 -119 18 -128 127 49 127 
-14 95 -128 -32 -128 -128 37 127 -128 127 127 83 -125 -84 -128 -59 104 -128 -128 85 127 -128 -121 73 38 -128 -128 10 73 -128 127 46 67 -90 127 -106 -128 127 -128 127 45 -128 -114 127 122 -123 105 127 78 127 -128 -53 88 63 -128 -128 127 -20 127 127 127 127 -128 127 -128 91 -36 127 -128 -119 18 -128 -60 49 127 
-124 88 -128 -32 -128 -128 37 127 -128 127 127 83 -125 -84 -128 -59 104 -128 -128 85 127 117 -121 73 38 -128 -128 10 73 -128 127 46 -128 -90 127 -106 -128 127 -128 127 -128 -128 -128 127 127 -123 105 127 78 127 127 -53 88 115 -128 -128 127 -20 127 -32 -47 127 127 -32 -128 3 -82 127 -128 -128 18 -128 127 49 127 
-14 95 -128 -32 -128 -128 37 127 -128 127 127 83 -125 -84 -41 -59 104 -128 -128 85 127 38 -121 73 38 -128 -128 10 73 -128 127 46 67 -90 127 -106 -128 127 -128 54 -128 -36 -114 127 127 -123 105 127 78 127 127 -53 88 63 -128 -128 127 -20 127 -32 127 127 -128 -128 -128 25 -36 127 -128 -128 127 -128 127 49 127 
-14 88 127 -32 -128 -128 37 127 -119 127 127 83 -125 -84 -41 -59 104 -128 -128 85 127 -128 -121 73 38 -128 -128 10 73 -128 127 44 67 -128 127 -106 -128 127 -128 127 45 -128 -114 127 127 -123 105 127 78 127 -109 -53 88 63 -128 -128 127 -20 127 127 127 127 127 -128 -128 3 -82 127 -128 -128 18 -128 127 49 127 
-14 88 127 -32 -128 -128 37 127 -128 127 127 83 -125 -84 -41 -59 104 -128 -128 85 127 117 -121 73 38 -128 -128 -43 73 -128 127 46 67 -99 127 -106 -128 127 -128 127 43 -128 -128 127 127 -123 105 127 78 127 127 -53 88 115 -128 -128 127 -20 -128 127 127 127 127 127 -128 3 -36 127 -128 -119 127 -128 127 49 127 
-14 95 127 -32 -128 89 37 127 -128 127 127 83 -125 -84 -41 -59 104 -128 -128 85 127 38 -121 73 38 -128 -128 -43 73 -128 127 44 67 -90 127 -106 -128 127 -128 127 45 -128 -114 127 122 -123 105 127 -128 127 127 -53 88 63 -128 -128 127 -20 -128 127 -47 127 127 127 -128 3 -82 127 -128 -119 18 -128 127 127 127 
-14 88 -128 -32 -128 -128 37 127 -128 127 127 83 -125 -84 -41 -59 104 -128 -128 85 127 38 -121 73 38 -128 -128 -43 73 -128 127 44 67 -90 127 -106 -128 127 -128 127 45 -128 -128 127 127 -123 105 127 78 127 -109 -53 88 63 -128 -128 127 83 127 127 -47 127 127 127 -128 3 -36 127 -128 -119 18 -128 127 127 127 
-124 88 127 -32 -128 -128 37 127 -128 127 127 83 -125 -84 113 -59 104 -128 -128 102 127 38 -121 73 38 -128 -128 -43 73 -128 127 46 67 -90 127 -106 -128 127 -128 127 -128 -128 -114 127 127 -123 105 127 78 127 127 -53 88 63 -128 -128 127 -20 127 -32 127 114 127 127 -128 3 1 127 -128 -119 127 -128 127 127 127 
-14 88 -128 -32 -128 -128 37 127 -128 127 127 83 -125 -84 -128 -59 104 -128 -128 85 127 117 -121 73 38 -128 -128 -43 73 -128 127 46 67 -90 127 -106 -128 127 -128 127 -128 -128 -114 127 127 -123 105 127 -128 127 127 -53 88 63 -128 -111 127 -20 127 127 127 127 127 127 -128 25 -36 127 -128 -119 127 -128 127 127 127 
-14 95 -128 -32 -128 -128 37 127 -128 127 127 83 -125 -84 -41 -59 104 -128 -128 85 127 117 -121 73 38 -128 -128 -43 73 -128 127 46 67 -128 127 -106 -128 127 -128 127 -128 -128 -114 127 127 -123 105 127 78 127 -128 -53 88 63 -128 -128 127 -20 -128 -32 127 127 127 127 -128 -111 -36 127 -128 -119 18 -128 127 49 127 
-14 95 127 -32 -128 -128 37 127 -128 127 127 83 -125 -84 -41 -59 104 -128 -128 85 127 117 -121 73 38 -128 -128 -43 73 -128 127 46 67 -90 127 -106 -128 127 57 127 -128 -36 -114 127 122 -123 105 127 78 127 -128 -53 88 63 -128 -128 127 -20 -128 127 85 127 127 -32 -128 3 -36 127 -128 -119 18 -128 127 49 127 
-14 88 -128 -32 -128 -128 37 127 -119 127 127 83 -125 -84 -41 -59 104 -128 -128 85 127 117 -121 73 38 79 -128 10 73 -128 127 46 67 -90 127 -106 -128 127 -128 127 45 -128 -114 127 127 -123 105 127 78 127 -109 -53 88 63 -128 -128 127 -20 -128 -32 127 127 127 -128 -128 3 -36 127 -128 -119 127 -128 127 49 127 
-14 95 127 -32 -128 -128 37 127 -128 127 127 83 -125 -84 -41 -59 104 -128 -128 85 127 -128 -121 73 38 -128 -128 10 73 -128 127 46 67 -90 127 -106 -128 127 -128 127 -128 -36 -114 127 127 -123 105 127 78 127 127 -53 88 63 -128 -128 127 83 127 -32 127 127 127 127 -128 3 -36 127 -128 -119 127 -128 127 127 127 
-14 95 -128 -32 -128 -128 37 127 -119 127 127 83 -125 -84 -128 -59 104 -128 -128 85 127 117 -121 73 38 -128 -128 10 73 -128 127 44 67 -90 127 -106 -128 127 -128 58 45 -36 -114 127 127 -123 105 127 78 127 127 -53 88 63 -128 -128 127 -20 127 -32 127 127 127 -128 -128 3 -36 127 -128 -119 18 -128 127 127 127 
-14 95 -128 85 -128 -128 -128 127 -128 127 127 83 -125 -84 -41 -59 104 -128 -128 85 127 -128 -121 73 38 -128 -128 -43 -48 -128 127 46 67 -128 127 -106 -128 127 -128 127 -128 -128 -128 127 122 -123 105 127 78 127 127 -53 88 63 -128 127 127 -20 127 127 127 127 127 -128 -128 25 -36 127 -128 -119 18 -128 127 127 127 
-14 95 -128 -32 -128 -128 37 127 -128 127 -128 83 -125 -84 -41 -59 104 -128 -128 85 127 117 -121 73 38 -128 -128 127 73 -128 127 46 67 -128 127 -106 -128 127 -128 127 -128 -128 -114 127 122 -123 105 127 78 127 -128 -53 88 63 -128 -128 127 -20 127 127 127 127 127 -128 -128 25 -36 127 -128 -119 18 -128 127 127 127 
-14 88 127 -32 -128 -128 37 127 -128 127 127 83 -125 -84 -41 -59 104 -128 -128 85 127 38 -121 73 38 -128 -128 -43 73 -128 127 46 -128 -90 127 -106 -128 127 -128 127 45 -73 -114 127 122 -123 105 127 78 127 127 105 88 63 -128 -128 127 -20 127 127 127 127 127 -32 -128 3 -36 127 -128 -119 127 -128 127 127 127 
-14 95 -128 -32 -128 -128 37 127 -119 127 127 83 -125 -84 -41 -59 104 -128 -128 85 127 -128 -121 73 38 -128 -128 -43 73 -128 127 46 67 -90 127 -106 -128 127 -128 127 45 -73 -114 127 122 -123 105 127 78 127 -128 -53 88 63 -128 -128 127 83 127 -32 127 127 127 -32 -128 3 -36 127 -128 -119 127 -128 127 127 127 
-14 88 127 -32 -128 -128 37 127 -128 127 127 83 -125 -84 -41 -59 104 -128 -128 85 127 -128 -121 73 38 -128 -128 10 73 -128 127 46 67 -90 127 -106 -128 127 -128 127 -128 -128 -114 127 127 -123 105 -82 78 127 -128 -53 88 63 -128 -128 127 -20 -128 -32 -56 127 127 -32 -128 3 -36 127 -128 -119 18 -128 127 127 127 
-14 88 127 -32 -128 -128 37 127 -128 127 127 -128 -125 -17 -41 -59 104 -128 -128 85 127 117 -121 73 -13 -128 -128 -43 73 -128 127 44 -128 -90 127 -106 -128 127 -128 127 -128 127 -114 127 122 -123 105 127 -128 127 -128 -53 88 63 -128 -128 127 83 127 127 127 127 -128 70 -128 3 -128 127 -128 -119 18 -128 127 49 127 
-14 88 127 -32 -128 -128 37 127 -119 127 127 83 -125 -84 -41 -59 104 -128 -128 85 127 38 -121 73 38 -128 -128 -43 73 -128 127 46 67 -90 127 -106 -128 127 -128 127 -128 -36 -114 127 127 -123 127 127 -128 127 127 -53 88 63 -128 -128 127 -20 127 -32 127 127 127 -128 -128 3 -82 127 -128 -119 18 -128 127 127 127 
-124 88 -128 -32 -128 -128 37 127 -128 127 127 83 -125 -84 113 -59 104 -128 -128 85 127 38 -121 73 -13 -128 -128 -43 4 -128 127 46 67 -90 127 -128 -128 127 -128 127 45 -128 -114 127 127 -123 105 127 78 127 127 -53 88 63 -128 -128 127 -20 -128 127 127 127 127 -32 -128 3 -82 127 -128 -119 18 -128 127 127 127 
-14 88 -128 -32 -128 -128 37 127 -128 127 127 83 -125 -84 -41 -59 104 -128 -128 85 127 38 -121 73 38 -128 -128 -43 73 -128 127 44 67 -90 127 -106 -128 127 -128 127 -128 -128 -114 127 127 -123 105 127 78 127 -109 -53 88 63 -128 -128 127 -20 127 -32 127 127 127 -32 -128 3 -36 127 -128 -119 127 -128 127 127 127 
-14 95 127 -32 -128 -128 37 127 -128 127 127 83 -125 -84 -41 -59 104 -128 -128 85 127 -128 -121 73 -13 127 -128 -43 73 -128 127 46 67 -90 12 -106 -128 127 -128 127 -128 -73 -114 127 127 -123 105 127 78 127 127 -53 88 63 -128 -128 -120 -20 127 -32 127 127 127 -128 -128 25 -36 127 -128 -119 127 -128 127 127 127 
-14 88 -128 -128 -128 -128 37 127 -128 127 127 83 -125 -84 -41 -59 104 -128 -128 85 127 117 -121 73 38 -128 -128 -37 73 -128 127 46 67 -90 127 -106 -128 127 -128 127 -128 -128 -114 127 127 -123 105 80 78 127 -128 -53 88 63 -128 -128 127 83 127 127 127 127 127 127 -128 3 -36 127 -128 -119 18 -128 127 127 127 
-14 88 -128 -32 -128 -128 37 127 -128 127 127 83 -125 -84 -41 -59 104 -128 -128 85 127 38 -121 73 -13 -128 -128 -43 73 -128 127 46 67 -90 127 -106 -128 127 -128 127 -128 -36 -114 127 127 -123 105 127 78 127 127 -53 88 63 -128 -128 127 -20 -128 -32 -56 127 127 -128 -128 3 -36 127 -128 -119 127 -128 127 127 127 
-14 88 127 -32 -128 -128 37 127 -119 127 127 83 -125 -84 -128 -59 104 -128 -128 85 127 38 -121 73 38 -128 -128 10 73 -128 127 44 67 -90 127 -106 -128 127 -128 58 -128 -128 -114 127 122 -123 105 127 78 127 127 -53 88 63 -128 -21 127 -20 -128 127 -56 127 127 -32 -128 3 -36 127 -128 53 18 -128 127 49 127 
-14 -128 127 -32 -128 -128 37 127 -119 127 127 83 -125 -84 -41 -59 104 -128 -128 85 127 38 -121 73 38 -128 -128 -43 73 -128 127 46 67 -90 127 -106 -128 127 -128 127 -128 -128 -114 127 127 -123 105 127 78 127 -109 -53 88 63 -128 -128 127 -20 127 -32 127 127 -128 127 -128 3 -36 127 -128 -119 18 -128 127 49 127 
-14 88 21 -32 -128 -128 37 127 -128 127 127 83 -125 -84 -41 -59 104 -128 -128 85 127 38 -121 127 38 -128 -128 -43 73 -128 127 44 67 -90 127 -106 -128 127 -128 58 -128 -36 -114 127 127 -123 82 127 78 127 127 64 88 63 -128 -128 127 83 127 -32 127 127 -128 127 -128 3 -36 127 -128 -119 127 -128 127 49 127 
-14 88 -128 -32 -128 -128 -128 127 -128 127 127 83 -125 -84 113 -59 104 -128 -128 85 127 -128 -121 73 38 -128 -128 -43 73 -128 127 46 67 -90 127 -106 -128 127 -128 127 -128 -128 -128 127 127 -123 105 127 78 127 -128 -53 88 63 -128 -128 127 -20 127 127 127 127 127 127 -128 3 -36 127 -128 -119 18 -128 127 127 127 
-124 88 -128 -32 -128 -128 37 127 -128 127 127 83 -125 -84 -41 -59 104 -128 -128 85 127 38 -121 73 -13 -128 -128 10 73 -128 127 46 67 -90 127 -106 -128 127 -128 58 45 -73 -114 127 127 -123 105 127 -128 127 127 -53 88 63 -128 -128 127 -20 127 -32 127 127 127 -32 -128 3 -36 127 -128 -119 18 -128 127 127 127 
-14 88 127 -32 -128 -128 37 127 -128 127 127 83 60 -84 -128 -59 104 -128 -128 85 127 117 -121 73 38 -128 -128 89 73 -128 88 46 67 -90 127 -106 -128 127 -128 127 45 -128 -128 127 127 -123 105 127 78 127 -128 -53 88 63 -128 -128 127 83 127 -32 127 127 127 -128 -128 3 -36 127 -128 -119 127 -128 127 127 127 
-124 95 -128 -32 -128 -47 37 127 -128 127 127 83 -125 -84 -128 -59 104 -128 -128 85 127 38 -121 73 38 -128 -128 10 73 -128 127 44 -128 -90 127 -106 -128 127 -128 127 45 -73 -72 127 127 -123 105 127 78 127 127 -53 88 63 -128 -128 127 -20 -128 -32 127 -89 127 -128 -128 3 -36 127 -128 -119 18 -128 127 127 127 
-14 88 127 -32 -128 -128 37 127 -128 127 127 83 -125 -84 -128 -59 -128 -128 -128 85 127 117 -121 73 38 -128 -128 -43 73 -128 127 46 67 -90 127 -106 -128 127 -128 58 45 -36 124 127 127 -123 105 127 78 127 127 -53 88 63 -128 -128 127 -20 127 127 127 127 127 -32 -128 25 1 127 -128 -119 18 -128 127 127 127 
-14 88 127 -32 -128 -128 37 127 -128 127 127 83 -125 -84 -41 -59 104 -128 -128 85 127 38 -121 73 38 -128 -128 10 73 -128 127 46 -128 -90 127 -106 -128 127 -128 127 -128 -128 31 127 127 -123 105 127 78 127 127 -53 88 63 -128 -128 127 83 127 127 127 127 127 -32 -128 -111 -82 127 -128 -119 18 -128 127 49 127 
-14 95 -128 -32 -128 -128 37 127 -119 127 127 83 -125 -84 -41 -59 104 -128 -128 85 127 38 -121 73 -13 -128 -128 10 73 -128 127 46 67 -90 127 -106 -128 127 -128 54 -128 -36 -114 127 122 -123 105 127 78 127 -128 -53 88 63 -128 -128 127 -20 127 127 127 127 -128 -32 -128 3 1 127 -128 -119 127 -128 127 49 127 
-14 88 127 -32 -128 -128 37 127 -119 127 127 83 -125 -84 -41 -59 104 -128 -128 85 127 117 -121 73 38 -128 -128 -43 73 -128 127 46 67 -90 127 -106 -128 127 -128 127 -128 -36 -114 127 127 -123 105 127 -128 127 -128 -53 88 63 -128 -128 127 83 127 127 -47 127 127 -128 -128 25 127 127 -128 -119 18 -128 127 127 127 
-14 88 127 -32 -128 -128 37 127 -128 127 127 83 -125 -84 -41 -59 104 -128 -128 85 127 -128 -121 73 38 -128 -128 -43 73 -128 127 46 67 -90 127 127 -128 127 -128 127 -128 -36 -114 127 122 -123 105 127 78 127 127 -53 88 63 -128 -128 127 -20 127 127 127 127 127 -32 -128 25 -36 127 -128 -119 127 -128 127 49 127 
127 88 -128 -32 -128 -128 37 127 -128 127 127 83 -125 -84 -41 -59 104 -128 -128 85 127 38 -121 73 38 -128 -128 10 73 -128 127 46 67 -90 127 -106 -128 127 -128 127 45 -128 -114 127 122 -123 105 127 78 127 -109 -53 88 63 -128 -128 127 -20 127 -32 127 127 127 -128 -128 25 -36 127 -128 -119 18 127 127 127 127 
-14 95 -128 -32 -128 -128 37 127 -128 127 127 83 -125 -84 113 -59 104 -128 -128 85 -13 38 -121 73 38 -128 -128 -43 73 -128 127 46 67 -90 127 -106 -128 127 -128 127 -128 -36 -114 127 127 -123 105 127 78 127 127 -53 88 115 -128 -128 127 -20 -128 -32 127 127 127 -128 -128 3 -36 127 -128 -119 127 -128 127 127 127 
-14 88 -128 -32 -128 -128 37 127 -128 127 127 83 -125 -84 -41 -59 104 -128 -128 85 127 117 -121 73 38 -128 -128 -43 73 -128 127 46 67 -90 127 -106 -128 127 -128 127 -128 -36 -114 127 127 -123 105 127 78 127 127 -53 88 63 -128 -128 127 -20 127 127 -56 -40 127 -32 -128 3 -36 127 -128 -119 18 -128 127 127 127 
-14 127 -128 -32 -128 -128 37 127 -119 127 127 83 -125 -84 -41 -59 104 -128 -128 85 127 38 -121 73 38 -128 -128 -43 73 -128 127 44 67 -90 127 -106 -128 127 -128 127 45 -36 -114 127 127 -123 105 127 78 127 -128 -53 88 63 -128 -128 127 -20 127 -32 127 127 127 -32 -128 3 -82 127 -128 -119 18 -128 127 127 127 
-14 95 127 -32 -128 -128 37 127 -128 127 127 83 -125 -84 -41 -59 104 -128 -128 85 127 38 -121 73 38 -128 -128 -43 73 -128 127 46 67 -90 127 -106 -128 127 -128 127 -128 -73 -114 127 127 -123 105 127 78 127 -109 -53 88 63 -128 -128 127 -20 127 127 -56 127 127 127 -128 3 -36 127 -128 -119 18 -128 127 127 127 
-124 88 -128 -32 -128 -128 37 127 -128 127 127 83 -125 -84 -41 -59 104 -128 -128 85 127 38 -121 73 38 -128 -128 -43 73 -128 127 46 67 -90 127 -106 -128 127 -128 127 45 -128 -128 127 122 -123 105 127 78 127 -109 -53 88 63 -128 -128 127 -20 -128 -32 -47 127 127 -32 -128 3 -36 127 -128 -119 18 -128 127 49 127 
-14 88 -128 -32 -128 -128 37 127 -119 127 127 83 -125 -84 -41 -59 104 -128 -128 85 127 38 -121 73 38 -128 -128 -43 73 -128 127 44 67 -90 127 -106 -128 127 -128 127 -98 -128 -114 127 127 -123 105 127 78 127 -109 -53 88 63 -128 -128 127 -20 127 -32 127 127 127 -32 -128 3 -36 127 -128 -128 127 127 127 127 127 
-14 88 127 -32 -128 -128 37 127 -119 127 127 83 -125 -84 -41 -59 104 -128 -128 85 127 38 -121 73 38 -128 -128 10 73 -128 127 -128 67 -128 127 -106 -128 127 -128 127 45 -128 -114 127 127 -123 105 127 78 127 -109 -53 88 -128 -128 -128 127 -20 127 127 127 127 127 127 -128 3 -36 127 -128 -119 127 -128 127 127 127 
-124 88 127 -32 -128 -128 37 127 -119 127 127 83 -125 -84 -41 -59 104 -128 -128 85 127 117 -121 73 38 -128 -128 -43 -128 -128 127 46 67 -90 127 -106 -128 127 -128 127 43 -36 -114 127 127 -123 105 127 78 127 127 -53 88 115 -128 25 127 -20 127 127 127 127 127 -128 -128 3 -82 127 -128 -119 18 -128 127 127 127 
-14 88 -128 -32 -128 -128 37 127 -128 127 127 83 -125 -84 113 -59 104 -128 -128 85 127 38 -121 73 38 -128 -128 -43 73 -128 127 46 67 -90 127 -106 -128 127 -128 127 -128 -128 -114 127 127 -123 105 127 78 127 -128 -53 88 63 -128 -128 127 -20 127 -32 127 127 127 -32 -128 25 -36 127 -128 -119 127 -128 127 49 -33 
-14 88 127 -32 -128 -128 37 127 -128 127 127 83 -125 -84 -41 -59 104 -128 -128 85 127 38 -121 73 38 -128 -128 -43 73 -128 127 44 67 -90 127 -106 -128 127 -128 127 45 -36 -114 127 122 -123 105 127 78 127 -128 -53 88 63 -128 -128 127 83 127 -32 127 127 127 127 -128 3 -36 127 -128 -119 127 -128 127 127 127 
-14 88 -128 -32 -128 -128 127 127 -128 127 127 83 -125 -84 -41 -59 104 -128 -128 85 127 117 -121 73 38 -128 -128 10 73 -128 127 46 -128 -90 -128 -106 -128 127 -128 127 -128 -128 -114 127 127 -123 105 127 78 127 127 -53 88 115 -128 -128 127 -20 127 -32 127 127 127 -32 -128 3 -36 127 -128 -128 18 -128 127 127 127 
-124 88 -128 -32 -128 -128 37 127 -128 127 127 83 -125 -84 -128 -59 104 -128 -128 85 127 -128 -121 73 38 127 -128 -43 73 -128 127 46 67 -90 127 -106 -128 127 -128 127 -128 -73 -128 127 127 -123 105 127 78 127 127 -53 88 127 -128 -128 127 -128 127 -32 127 127 127 127 -128 3 -36 127 -128 -119 18 -128 127 127 127 
-14 88 127 -32 -128 -128 37 127 -128 127 127 83 -125 -84 -128 -59 104 -128 -128 85 127 38 -121 73 127 127 -128 10 73 -128 127 44 67 -90 127 -106 -128 127 -128 127 127 -128 -114 127 127 -123 -15 127 78 127 127 -53 88 63 -128 -128 127 -20 127 -32 127 127 127 -32 -128 3 1 127 -128 -119 18 -128 127 127 127 
-14 88 127 -32 -128 -128 37 127 -128 127 127 83 -125 -84 -128 -59 104 -128 -128 85 127 38 -121 73 -13 -128 -128 -43 73 -128 127 46 67 -90 127 -106 -128 127 -128 66 43 -36 -114 127 127 -123 105 127 78 127 -109 -53 88 63 -128 -128 127 -20 127 -32 -56 127 127 -32 -128 -111 -36 127 -128 -119 18 -128 127 49 127 
-14 88 -128 -32 -128 -128 -128 127 -119 127 127 83 -125 -84 -41 -59 104 -128 -128 85 127 -128 -121 73 38 -128 -128 -43 73 -128 127 46 -128 -90 127 -106 -128 127 -128 54 45 -73 -114 127 122 -123 105 127 78 127 -128 -53 88 63 -128 -128 127 -20 127 -32 127 127 127 127 -128 3 -36 127 -128 -128 18 -128 127 49 127 
-14 88 127 -32 -128 -128 37 127 -119 127 127 83 -125 -84 -41 -59 104 -128 -128 85 127 117 -121 73 38 -128 -128 10 73 -128 127 44 67 -90 127 -106 -128 127 -128 58 45 -36 -128 127 127 -123 105 127 78 127 127 -53 88 63 -128 -128 127 -20 127 127 127 127 127 -128 -128 3 -36 127 -128 -119 18 -128 127 49 127 
-14 88 -128 -32 -128 -128 37 127 -128 127 127 -99 -125 -84 113 -59 104 -128 -128 85 127 38 -121 73 38 -128 -128 10 73 -128 127 46 67 -90 127 -106 -128 127 -128 127 -128 -73 -114 127 127 -123 105 127 78 127 127 -53 88 63 -128 -128 127 -20 127 -32 127 127 127 -32 -128 3 -36 127 -128 -119 18 -128 127 49 127 
-14 95 -128 -32 -128 -128 37 127 -128 127 127 83 -125 -84 -41 -59 104 -128 -128 85 127 38 -121 73 38 -128 -128 -43 73 -125 127 46 -128 -90 127 -106 -128 127 -128 54 -128 -36 -114 127 122 -123 105 127 78 127 127 -53 88 63 -128 -128 127 83 -128 -32 127 127 127 -32 -128 3 -82 127 -128 -119 127 -128 127 49 127 
-14 88 -128 -32 -128 -128 37 127 -128 127 127 83 -125 -84 -41 -59 104 -128 -128 85 127 38 -121 73 38 -128 -128 10 73 -128 127 46 67 -90 127 -106 -128 127 -128 127 -128 -128 -128 127 122 -123 105 127 78 127 -128 -53 88 63 -128 -128 127 -20 -128 127 -47 127 127 -128 -128 3 -36 -124 -128 -119 18 -128 127 49 -128 
-124 88 -128 -32 -128 -128 37 127 -128 127 127 83 -125 -107 -41 -59 104 -128 -128 85 127 117 -121 73 38 -128 -128 10 73 127 127 44 -128 -90 127 -106 -128 127 -128 127 45 -128 -114 127 127 -123 105 127 78 127 127 -53 88 63 -128 -128 127 -20 127 -32 -56 127 -96 -32 -128 3 -98 127 -128 -119 18 -128 127 49 127 
-14 88 -128 -32 -128 -128 37 127 -128 127 127 83 -125 -84 -41 -59 104 -128 -128 85 127 38 -121 73 38 -128 -128 -43 73 -128 127 46 67 -90 127 -107 -128 127 -128 127 -128 -128 -114 127 127 -123 105 127 78 127 41 -53 88 127 -128 -128 127 -20 127 -32 127 127 -128 -32 -128 3 -36 127 -128 -119 127 -128 127 49 127 
-14 95 127 -32 -128 -128 37 127 -128 127 127 83 -125 -84 -41 -59 104 -128 -128 85 127 117 -121 73 38 -128 -128 -43 73 -128 127 44 67 -90 127 -106 -128 127 -128 127 -128 -128 -114 127 127 -123 105 127 78 127 127 -53 88 63 -128 -128 127 -20 127 -32 85 -122 127 -32 -128 3 1 127 -128 -119 18 -128 127 49 127 
-14 95 -128 -32 -128 -128 37 127 -128 127 127 83 -125 -84 -41 -59 104 -128 -128 85 127 117 -121 73 38 -128 -128 -43 73 -128 127 44 67 -90 127 -106 -128 127 -128 58 -128 -36 -114 127 127 -123 105 127 78 127 127 -53 88 115 -128 -128 127 83 127 127 127 127 127 127 -128 3 -82 127 -128 -119 18 -128 127 49 127 
-14 88 -128 -32 -128 -128 37 127 -119 127 127 83 -125 -84 -41 -59 104 -128 -128 85 127 117 -121 73 38 -128 -128 -43 73 -128 127 46 67 -128 127 -106 -128 127 -128 127 -128 -128 -128 127 127 -123 105 127 -128 127 -128 -53 -128 63 -128 -128 127 -20 127 127 -47 127 127 -128 -128 3 -36 127 -128 -128 18 -128 127 127 127 
-14 88 -128 -32 -128 -128 37 127 -119 127 -6 83 -125 -84 -41 -59 104 -128 -128 85 127 -128 -121 73 38 -128 -128 -43 73 -128 127 46 67 -90 127 -106 -128 127 -128 127 -128 -36 -114 127 127 -123 105 127 78 127 127 -53 88 63 -128 -128 127 -20 127 -32 127 127 127 127 -128 3 -36 127 -128 -119 18 -128 127 49 127 
-14 88 127 -32 -128 -128 37 127 -128 127 127 83 -125 -84 -41 -59 104 -128 -128 85 127 38 -121 73 -13 -128 -128 -43 73 -128 127 46 67 -90 127 -106 -128 127 -128 58 -128 -73 -114 127 122 -123 105 127 78 127 -128 -53 88 63 -128 -128 127 83 127 -32 -47 127 127 127 -128 3 -36 127 -128 -128 18 -128 127 49 127 
-14 88 -128 -32 -128 -128 37 127 -119 127 127 83 -125 -84 113 -59 104 -128 -128 85 127 117 -121 73 38 -128 -128 -43 73 -128 127 44 67 -90 127 -106 -128 127 -128 127 -128 -128 -109 127 122 -123 98 127 78 127 -102 -53 88 115 -128 -128 127 83 -128 -32 127 127 127 -128 -128 3 -36 127 -128 -119 18 -128 127 127 127 
-14 88 127 -32 -128 -128 37 127 -128 127 127 83 -125 -84 -128 -59 104 -128 -128 85 127 -128 -121 73 38 -128 -128 10 73 -128 127 46 67 -90 127 -106 -128 127 -128 127 -128 -36 -128 127 127 -123 105 127 78 127 127 -53 88 63 -128 -128 127 -20 -128 -32 -56 127 127 -128 -128 -111 -82 -128 -128 -119 18 -128 127 127 127 
-14 88 127 -32 -128 -128 37 127 -128 127 127 83 -125 -84 -41 -59 104 -128 -128 85 127 117 -121 73 -13 -128 -128 -43 73 -128 -84 44 67 -90 127 -106 -128 127 -128 127 -128 -73 15 127 127 -123 105 127 78 127 -128 -53 88 63 -128 -128 127 -20 -128 127 127 127 127 -128 -128 -111 -36 127 -128 -119 127 -128 127 127 127 
-14 88 127 -32 -128 -128 37 127 -128 127 127 83 -125 -84 -41 -128 104 -128 -128 85 127 -128 -121 73 38 127 -128 10 73 -128 127 44 67 -90 127 -106 -128 127 -128 127 -128 -36 -128 127 127 -123 105 127 78 127 127 -53 88 63 -128 -128 127 -20 127 127 127 127 127 -32 -128 45 -82 -112 -128 -119 18 51 127 127 127 
-14 88 127 -32 -128 -128 37 127 -128 127 127 83 -125 -84 -41 -59 104 -128 -128 85 127 38 -121 73 38 -128 -128 -43 73 -128 127 46 67 -90 127 -106 -128 127 -128 127 -128 -36 -128 127 127 -123 105 127 78 127 127 -53 88 63 -128 -128 127 -20 127 -32 127 127 -128 -32 -128 3 -36 127 -128 -119 18 -128 127 49 127 
-14 95 127 -32 -128 -128 37 127 -128 127 127 83 -125 -84 -41 -59 104 -128 -128 85 127 -128 -121 73 38 -128 -128 10 73 -128 127 46 67 -90 127 -106 -128 127 -128 127 45 -106 -114 127 127 -123 -128 127 -128 127 127 -53 88 115 -128 -128 127 127 127 -32 127 127 127 -128 -128 3 -36 127 -128 -119 18 -128 127 127 127 
-14 88 -128 -32 -128 -128 37 127 -119 127 127 83 -125 -84 -41 -59 104 -128 -128 85 127 38 -121 73 38 -128 -128 10 73 -128 127 46 67 -90 127 -106 -128 127 -128 127 -128 -36 -114 127 127 -123 105 127 -128 127 127 -53 88 115 -128 -128 127 -20 127 127 127 127 127 127 -128 -111 -36 127 -128 -119 127 -128 127 49 127 
-124 88 127 -32 -128 -128 37 127 -128 127 127 83 -125 -84 -41 -59 104 -128 -128 85 127 38 -121 73 38 -128 -128 -43 73 -128 127 44 67 -90 127 -106 -128 127 -128 127 21 -73 -128 127 127 -123 105 127 78 127 -109 -53 88 63 -128 -128 127 -20 127 -32 127 127 127 127 -128 3 1 127 -128 -119 18 -128 127 127 127 
-14 88 127 -32 -128 127 37 127 -128 127 127 83 -125 -84 -41 -59 104 -128 -128 85 127 38 -121 73 38 127 -128 -43 73 -128 127 46 67 -90 127 -106 -128 127 -128 127 -128 -128 -114 127 127 -123 105 127 78 127 127 -53 88 63 -128 -83 127 -20 127 127 127 127 127 -128 -128 3 -36 127 -128 -119 127 -128 127 49 127 
-14 95 127 -32 -128 -128 37 127 -128 127 127 83 -125 -84 -128 -59 104 -128 -128 85 127 117 -121 73 38 -128 -128 -43 73 -128 127 44 -128 -90 127 -106 -128 127 -128 127 45 -36 -114 127 127 -123 105 127 78 127 127 -53 88 63 -128 -128 127 83 127 127 -56 127 127 127 -128 25 -36 127 -128 -119 127 -128 127 127 127 
