210 100
-128 -102 -128 -128 90 127 95 -128 127 83 2 -98 -94 127 -128 10 32 -122 -128 118 -128 -128 127 127 127 127 95 110 127 -47 -128 88 -128 -71 127 -65 -128 127 127 -128 -128 -31 -6 56 -59 127 127 -128 127 -104 -128 106 48 -128 -128 -128 -128 -33 127 -128 -128 127 -128 -128 -128 -128 -128 -59 -128 -128 -76 -50 127 127 95 
-128 -102 -1 -128 90 127 127 -128 127 83 2 -98 -94 127 -128 10 32 -122 -128 118 -128 -128 127 127 127 127 -88 110 127 -47 -128 88 -128 -71 127 -65 -128 127 127 -128 -128 -31 -6 56 -59 -35 127 -128 127 -104 -128 106 48 -128 -128 -128 -128 -33 -8 -128 -128 127 -128 -4 -128 -128 -128 33 -128 -128 -76 -128 127 127 95 
-128 -102 -128 -128 127 127 95 -128 127 83 2 -98 -94 127 -128 113 32 -122 -128 118 -128 -128 127 127 127 127 -88 -51 127 -47 -128 88 102 -71 127 -65 -128 127 127 -128 -103 -31 -6 56 -59 127 127 -128 127 -104 -128 106 48 -55 -128 -128 -128 -33 -8 -128 127 127 -128 -4 -128 -128 -128 33 -128 -128 -76 -128 127 121 95 
-128 -102 -128 -128 90 127 95 -128 -128 83 2 -98 -94 -128 -128 10 32 -122 -128 118 -128 127 127 127 127 127 -88 110 127 -47 -128 88 -128 -71 127 -14 -128 -34 127 -128 -103 -31 -6 35 -59 127 127 -104 127 -104 -128 106 48 -128 -128 -128 -128 -33 -8 -128 -128 127 -128 -4 -128 -128 -128 33 -110 -128 -76 -128 127 127 95 
-128 -102 -128 -128 127 127 95 -128 127 83 2 -98 -94 127 -128 113 32 -122 -128 118 -128 -128 -128 127 127 127 95 110 127 -47 -128 88 -128 -71 127 -65 -128 59 127 -128 -128 -31 -6 56 -59 -35 127 -128 127 -104 -128 127 48 -128 -128 -128 -128 -33 -8 -128 -128 127 -128 -88 -128 -128 -128 -59 -128 -128 -76 -128 127 127 95 
127 -128 -128 -128 127 127 95 -128 -128 83 2 -98 -94 127 -128 10 32 -122 -128 118 -128 -128 127 127 98 127 -88 110 127 -47 -128 88 -128 -71 127 -65 -128 127 127 -128 -128 -31 -6 56 -59 -35 127 -104 127 -104 -128 127 48 -55 -128 -128 -128 -33 -8 -128 56 127 -128 -128 -128 -128 -128 127 -128 -117 -76 -128 61 127 95 
-128 -102 -128 -128 127 127 127 -128 -128 83 2 -98 -94 127 -128 113 32 -122 -128 118 -128 -128 -128 127 127 127 95 110 127 -128 -128 88 -128 -71 127 -65 -128 127 127 -128 -103 -31 -6 56 -59 127 127 -104 127 -104 -128 106 48 -128 -128 -128 -128 -33 126 -128 -128 127 -128 -128 -128 -128 -128 33 -128 -128 -76 -128 61 -76 95 
-128 -102 -128 -128 127 127 95 -128 127 83 2 -98 -94 127 -128 10 32 -122 -128 118 97 -128 -128 127 127 127 95 110 127 -47 -128 88 -128 -71 127 -65 -128 127 127 -128 -103 -31 -6 56 -59 -27 127 -128 127 -104 -128 127 48 -55 -128 -128 -128 -33 127 -128 -128 127 -128 -4 -128 -128 -128 33 -128 -128 -76 -128 127 127 95 
4 -102 -128 -128 90 127 95 -128 127 83 2 -98 -94 127 -128 10 32 -122 -128 118 -128 -128 -128 127 127 127 -88 110 127 -128 28 88 102 -71 127 -65 -128 127 127 -128 -103 -31 -6 56 -59 127 127 -128 127 -11 -128 106 48 -128 -128 -128 -128 -33 126 -128 -128 127 -128 -4 -128 -128 -128 33 -128 -128 -76 -128 127 127 95 
4 -102 -128 71 127 127 95 -128 127 83 2 -98 -94 127 -128 10 32 -122 -128 118 -128 -128 -128 127 127 127 127 110 127 -47 -128 88 -128 -71 127 -65 -128 127 127 -128 -103 -31 -6 56 -59 -35 127 -128 127 -104 -128 106 -33 -55 -128 -128 -128 -33 126 -128 -128 127 -128 -128 -128 -128 -128 33 -128 -128 -76 -128 127 127 95 
-128 -40 -128 -128 127 127 95 -128 127 83 2 -98 -94 127 -128 10 32 -122 -128 118 -128 -128 -128 127 127 127 -88 110 127 -128 -128 88 -128 -71 127 -65 -128 127 127 -128 -128 -31 -6 127 -59 127 127 -104 127 -104 -128 106 48 -128 -128 -128 -128 -33 -128 -128 -128 -128 -128 -4 -128 49 -128 33 -128 -128 -76 -128 127 -128 95 
-128 -13 -128 -128 90 127 95 -128 127 83 2 -98 -94 127 -128 10 32 -122 -128 118 -128 -128 -128 127 127 127 -88 110 127 -47 28 88 -128 -71 127 -65 -128 127 127 -128 -128 -31 -6 127 -59 127 127 -128 127 -104 -128 106 48 -128 -128 -128 -128 -33 126 -128 -128 127 127 -128 -128 -128 -128 33 -128 -128 -76 -128 127 127 95 
127 -102 -128 -128 127 127 127 -128 127 83 2 -98 -94 127 -128 10 32 -122 -128 118 -128 -128 -128 127 127 127 -88 110 127 127 -128 88 -128 -71 127 -65 -128 127 127 -128 -103 -31 -6 56 84 127 127 -128 127 -104 -128 127 48 -128 -128 -128 -128 -33 126 -128 -128 127 -128 -4 -128 -128 -128 33 -128 -128 -76 -128 127 -128 95 
-128 -128 -128 -128 127 127 95 -128 127 83 2 -98 -94 127 -128 10 32 -122 -128 118 -128 -128 -19 127 127 127 -88 110 127 -47 -128 88 -128 -71 127 -65 -128 127 127 -128 -103 -31 -6 56 -59 -35 127 -128 127 -104 -128 127 48 -55 -128 -128 -128 -33 126 -128 -128 127 127 -128 -128 -128 -128 -112 -128 -128 -76 -128 127 127 95 
-128 -102 -128 -128 90 127 95 -128 127 83 2 -98 -94 127 -128 113 32 -122 -128 118 -128 -128 -128 127 127 127 -88 110 127 -47 -128 88 -128 -71 127 -65 -128 127 127 -128 -103 -31 -6 56 -68 -35 127 -128 127 -104 -128 106 48 -55 -128 -128 -128 -33 -8 -128 -128 127 -128 -128 -128 -128 -128 33 -128 -128 -76 -128 127 127 95 
4 -128 -128 -128 90 127 95 -128 127 83 2 -98 -94 127 -128 10 32 -122 -128 118 -128 -128 -128 127 127 127 -88 110 127 -47 -128 88 -128 -71 127 -65 -50 127 127 -128 -128 -31 -6 56 -59 127 127 -104 127 -104 -128 106 48 -55 -128 -128 -128 -33 126 -128 -128 -128 127 -128 -128 -128 -128 33 -128 -128 -76 -128 61 127 95 
127 -102 -128 -128 127 127 95 -128 127 83 2 -98 -94 127 -128 10 32 -122 -128 118 -128 -128 -128 127 127 127 -88 110 127 0 -128 88 -128 -71 127 25 -128 127 127 -128 -128 62 -6 56 -59 127 127 -128 -128 -104 -128 106 48 -55 -128 -128 -128 -33 -8 -128 -128 127 -128 -4 -128 -128 -128 33 -128 -128 -76 -128 127 127 95 
-128 -102 -128 -128 127 127 95 -128 127 83 2 -98 -94 127 -128 10 32 -122 -128 127 -128 -128 -128 127 127 127 -88 110 127 -47 -128 88 -128 -71 127 -65 -128 127 127 -128 -103 -31 -6 56 -59 -35 127 -128 127 -104 -128 127 48 -55 -128 -128 -128 -33 -8 -128 -128 -128 127 -4 -128 -128 -128 33 -128 -128 -76 -128 127 127 95 
-128 -128 -128 -128 127 127 95 -128 127 83 2 -98 -94 127 -128 10 32 -122 -128 118 -128 -128 127 127 127 127 95 110 127 -47 -128 88 -128 -71 127 -65 -128 54 127 127 -128 -31 -6 56 -82 127 127 -128 127 -104 -128 47 48 -128 -128 -128 -128 -33 126 -128 -128 -128 127 -128 -128 -128 -128 33 -128 -128 -76 -128 127 127 95 
-128 -102 -128 -128 90 127 95 -128 127 83 2 -98 -94 127 -128 10 32 -122 -128 118 -128 -128 127 127 127 127 -88 110 127 -128 -128 88 -128 -71 127 -65 -128 127 127 -128 -103 -31 -6 56 -82 -35 127 -128 127 -104 -128 127 48 -128 -128 -128 -128 -33 -8 -128 -128 127 127 -4 -128 -128 -128 33 -128 -128 -76 -50 127 127 95 
-128 -102 -128 -128 127 127 95 -128 127 83 2 -98 -94 127 -128 113 -114 -122 -128 118 -128 -128 -128 127 127 127 -88 110 127 -47 -128 88 -128 -71 127 -65 -128 127 127 -128 -128 -31 -6 56 -59 -35 127 -128 127 -104 -128 127 48 -128 -128 -128 -128 -33 -8 -128 -128 127 -128 -128 -128 -128 -128 33 -128 -128 -76 -128 127 127 95 
-128 -128 -128 -128 127 127 95 -128 127 83 2 -128 -94 127 -128 113 32 -122 -128 118 -128 -128 -128 127 127 127 -88 110 127 -47 -128 -61 -128 -71 127 -65 -128 127 127 -128 -128 -31 -6 127 -59 -35 127 -128 127 -104 -128 106 48 127 -128 -128 -128 -33 127 -128 -128 127 -128 -4 -128 -128 -128 -59 -128 -128 -76 -128 127 -128 95 
-128 -102 -128 -128 127 127 95 -128 -128 83 2 -98 -94 127 -128 10 32 -122 -128 118 -128 -128 127 127 127 127 95 110 127 -128 -128 127 -128 -71 127 -99 -128 127 127 -128 -128 -31 -6 56 -59 -35 127 -128 127 -104 -128 106 48 -55 -128 -128 -128 -33 127 -128 -128 127 -128 -4 -128 127 -128 33 -128 -128 -76 -128 127 -76 95 
-128 -128 -128 -128 90 127 127 -128 127 83 2 -98 -94 127 -128 113 32 -122 -128 118 -128 -128 127 127 127 127 -88 110 127 -47 -128 88 -128 -71 127 -65 -128 127 127 -128 -128 -31 -6 56 -82 -35 127 -104 127 -104 -128 106 48 -128 -128 -128 -128 -33 126 -128 -128 -128 -128 -4 -128 -128 -128 33 -128 -110 -76 -128 127 127 95 
-128 -102 -128 -128 90 127 95 -128 -128 83 2 -98 127 127 -128 10 32 -122 -128 118 -128 -128 -128 127 127 127 -88 110 127 -47 28 88 -128 -88 127 -65 -128 127 127 -128 -103 -31 -6 56 -82 -35 127 -128 127 -104 -128 127 48 -128 -128 -128 -128 -33 127 -128 -128 127 127 -128 -128 -128 -128 33 -128 -128 -76 -128 127 127 95 
-128 -102 -128 -128 127 127 95 -128 127 83 2 -98 -94 127 -128 10 32 -122 -128 118 -128 -128 -128 127 127 127 -88 110 127 -47 -128 88 -128 -88 127 -65 49 127 127 -128 -103 -31 -6 127 -59 -35 127 -128 127 -104 -128 106 48 -55 -128 -128 -128 -33 126 -128 -128 127 127 -4 -128 -128 -128 33 -128 -128 -76 -128 127 127 95 
-128 -102 -128 -128 90 127 127 -128 127 83 2 -98 -94 127 -128 10 32 -122 -128 118 -128 -128 127 127 127 127 -88 110 127 -47 -128 -3 102 127 127 -65 -128 127 127 -128 -128 -31 -6 56 -82 127 127 -128 127 -104 -128 106 48 -128 -128 -128 -128 -33 -8 -128 -128 -128 127 -4 -128 -128 -128 33 -128 -128 -76 -128 61 -128 95 
127 -102 -128 -128 127 127 95 -128 127 83 2 -98 -94 127 -128 10 32 -122 -128 118 -128 -128 -128 127 127 127 127 110 127 -47 -128 88 -128 -71 127 -65 -128 127 127 -128 -103 -31 -6 127 -59 -35 127 -128 127 -104 -128 106 48 -55 -128 -128 -128 -33 126 117 -128 127 -128 -4 -128 -128 -128 -59 -128 -128 -76 -128 127 -128 95 
4 -102 -128 -128 127 127 95 -128 127 83 2 -98 -94 127 -128 10 32 -122 -128 118 -128 -128 -128 127 127 127 -128 110 127 -47 -128 106 -128 -71 127 -65 -128 127 -10 -128 -103 -31 -6 127 -59 -35 127 -128 127 -104 -128 106 48 -128 -128 -128 -128 -33 -8 -128 -128 127 127 -4 -128 -128 -128 33 -128 -128 -76 -128 127 127 95 
-128 -102 -128 -128 127 127 95 -128 127 83 2 -98 -94 127 -128 10 32 -122 -128 103 -128 -128 127 127 127 127 95 110 127 -47 -128 -128 -128 -71 -77 -65 -128 127 127 -128 -103 -31 -6 56 -82 127 127 -128 127 -104 -128 106 48 -55 -128 -128 -128 -33 127 -128 -128 -128 127 -128 -128 -128 -128 33 -128 -128 -76 -50 127 127 95 
-128 -102 -128 -128 127 127 95 -128 127 83 2 -98 -94 127 -128 10 32 -122 -128 118 -128 -128 -128 127 127 127 -88 110 127 -128 -128 88 -128 -71 127 25 -128 127 127 -128 -103 -31 -6 127 -59 -35 127 -128 127 -104 -128 106 48 -128 -128 -128 -128 -33 -8 -128 -128 127 -128 -128 -128 -128 -128 33 -128 -128 -76 -128 127 -128 95 
-128 -102 -128 -128 90 127 127 -128 127 83 2 -98 -94 127 -50 10 32 -122 -128 118 -128 -128 -128 127 127 127 -88 110 127 0 -128 88 -128 -71 127 -65 -128 127 127 -128 -103 -31 -6 56 -59 -35 127 -128 127 -104 -128 106 48 -55 -128 -128 -128 -33 126 -128 -128 -128 127 -128 -128 -128 -128 33 -128 -128 -76 -50 127 -76 95 
-128 -102 -128 -128 90 127 127 -128 127 83 2 -98 -94 127 -128 113 32 -122 -128 118 -128 -128 -128 127 127 127 -88 110 127 -47 -128 88 -128 -88 127 -65 -128 127 127 -128 -128 -31 -6 56 -59 -35 127 -128 127 -104 -128 106 48 -128 -128 -128 -128 -33 -8 -128 -128 -128 -128 -4 -128 -128 -128 33 -128 -128 -76 -128 127 -128 95 
-128 -102 -128 -128 90 127 95 -128 127 83 2 -98 -94 127 -128 10 32 -122 -128 118 -128 -128 -128 127 127 127 -88 110 127 -47 -128 88 -128 -71 127 -65 -128 127 127 -128 -128 -31 -6 56 -59 -35 127 -128 127 -104 -128 127 48 -128 -128 -128 -128 -33 127 -128 -128 127 127 -4 -128 -128 -128 33 -128 -128 -76 -128 127 -76 95 
-128 -102 -128 -128 127 127 95 -128 127 83 2 -98 -94 127 -128 10 32 -122 -128 118 -128 -128 127 127 127 127 -88 110 127 -47 -128 88 -128 -71 127 -65 -128 127 127 -128 -103 -31 -6 56 -59 -35 -67 65 127 -104 -128 127 48 -55 -128 -128 -128 -33 127 -128 -128 -128 127 -4 -128 -128 -128 -91 -128 -128 -76 -128 127 -128 95 
-128 -128 -128 -128 127 127 127 -128 127 83 2 -98 -94 127 -128 10 32 -122 -128 118 -128 -128 127 127 127 127 95 110 127 -128 -128 88 -128 -71 127 -65 -128 127 127 -128 -103 -31 -6 127 -59 -35 127 -128 127 -104 -128 106 48 -128 -128 -128 -128 -33 127 -128 -128 127 127 -4 -128 -128 -128 -59 -128 -128 -76 -128 127 127 95 
-128 -102 -128 -128 127 127 95 -128 127 83 2 -98 -94 127 -128 10 32 -122 -128 118 -128 -128 -128 127 127 127 -88 110 127 0 -128 88 -128 -71 127 -65 -128 127 127 -128 -103 -31 -6 56 -59 -35 127 -104 127 -104 -128 106 48 -128 -128 -128 -128 -33 126 -128 -128 127 -128 -128 -128 -128 -128 33 -128 -128 -76 -128 127 127 95 
-128 -102 -128 -128 127 127 127 -128 127 83 2 -98 -94 127 -128 10 32 -122 -128 118 -128 -128 127 127 127 127 -88 110 127 -47 -128 88 -128 -71 127 -65 -128 -128 127 -128 -128 -31 -6 56 -82 127 127 -128 127 -104 -128 106 48 -55 -128 -128 -128 35 -8 -128 -128 127 -128 -4 -128 -128 -128 33 -128 -128 -76 -128 127 127 95 
4 -128 -128 -128 127 127 95 -128 127 83 2 -98 -94 127 102 113 32 -122 -128 118 -128 -128 127 127 127 127 -88 110 127 -47 -128 88 -128 -71 127 -65 -128 127 127 -128 -128 -31 -6 27 -59 127 127 -104 127 -104 -128 106 48 -128 -128 -128 -128 -33 126 -128 -128 -128 -128 -4 -128 -128 -128 33 -128 -128 -76 -128 61 -128 95 
-128 -102 -128 -128 127 127 95 -128 127 83 2 -98 -94 127 -128 10 32 -122 111 118 -128 -128 -128 127 127 127 -88 110 127 0 -128 88 -128 -71 127 -65 -128 127 127 -128 -103 -31 -6 56 -59 -35 127 -128 127 -104 -128 127 48 -128 -128 -128 -128 -33 127 -128 -128 -128 -128 -4 -128 -128 -128 33 -128 -128 -76 -128 127 127 95 
-128 -102 -128 -128 90 127 127 -128 127 83 2 -98 -94 127 -128 113 32 -122 -128 118 -128 -128 -128 127 127 127 -88 110 127 -47 -128 88 -128 -71 127 -65 -128 127 127 -128 -103 -31 -6 56 -82 127 127 -128 127 -104 -128 127 48 -55 -128 -128 -128 -33 -8 -128 -128 127 -128 -4 -128 -128 -128 33 -128 -128 -76 -50 127 -76 95 
-128 -102 -128 -128 90 127 95 -128 127 83 2 -98 -94 127 -128 113 32 -122 -128 118 -128 -128 -128 127 127 127 127 110 127 -47 -128 58 -128 -71 127 -65 -128 127 127 -128 -128 -31 -6 127 -59 -35 127 -128 127 -104 -128 127 48 -128 -128 -71 -128 -33 126 -128 -128 -128 127 -4 -128 -128 -128 33 -128 -128 -76 -128 127 61 95 
4 -102 -128 -128 127 127 95 -128 127 83 2 -98 -94 127 -128 113 32 -122 -128 118 -128 81 -128 127 127 127 -88 110 127 -47 -128 88 -128 -71 127 -65 -128 127 127 -128 -128 -31 -6 56 -82 -35 127 -128 127 -104 -128 106 98 -55 -128 -128 -128 -33 -8 -128 -128 127 -128 -4 -128 -128 -128 -59 -128 -128 -76 -65 127 -128 95 
-128 -102 -128 -128 90 127 95 -128 127 83 2 -98 -94 127 -128 10 32 -122 -128 118 -128 -128 127 127 127 127 -88 110 127 -47 -128 88 -128 -71 127 -65 -128 127 127 -128 -103 -31 -6 56 -59 -35 127 -128 127 -104 -128 127 48 -55 -128 -128 -128 -33 127 -128 -128 -128 -128 -128 -128 -128 -128 33 -128 -128 -76 -128 61 -76 95 
127 -102 -128 -128 90 127 95 -128 127 83 2 -98 -94 127 -128 113 32 -122 -128 118 -70 -128 -128 127 127 127 -88 110 127 -47 -128 88 -128 -71 127 -65 -128 127 127 -128 -103 -31 -6 56 -59 127 127 127 127 -104 -128 106 48 -128 -128 -128 -128 -33 126 -128 -128 127 -128 -128 -128 -128 -128 33 -128 -128 -128 -50 127 -128 95 
-128 -128 -1 -128 127 127 95 -128 -128 83 2 -98 -94 127 -128 10 32 -122 -128 118 -128 -128 -128 58 127 127 -88 110 127 0 28 88 -128 -71 127 -99 -128 127 127 -128 -128 -31 -6 56 -82 -35 127 -104 127 -104 -128 127 48 -55 -128 -128 -128 -33 126 -128 -128 127 127 51 -128 43 -128 33 -128 -117 -76 -50 127 127 95 
-128 -102 -128 -128 90 127 95 -128 127 83 2 -98 -94 127 -128 10 32 -122 -128 118 -128 -128 -128 127 127 127 -88 110 127 -128 -128 88 102 -71 127 -65 -128 127 127 -128 -128 -31 -6 127 -82 -35 127 -128 127 -104 -128 106 104 -128 -128 -128 -128 -33 127 -128 -128 127 -128 -4 -128 -128 -128 33 -128 -128 -76 -50 61 127 95 
-128 -128 -1 -128 127 127 95 -128 127 83 2 -98 -94 127 -128 10 32 -122 -128 118 -128 -128 -128 127 127 127 -88 110 127 113 -128 88 -128 -71 127 -99 -128 127 127 -128 -128 -31 -6 56 -82 -35 127 -128 127 -104 -128 106 48 -55 -128 -128 -128 -33 -8 -128 -128 -128 127 -4 -128 -128 -128 -59 -128 -128 -76 -128 61 61 95 
-128 -102 -128 -128 90 127 95 -128 127 -128 2 -98 -94 127 -128 113 32 -122 -128 118 -128 -128 -128 127 127 127 127 110 127 -47 -128 88 -128 -88 127 -65 -128 127 127 -128 -103 -31 -6 56 -82 -35 88 127 127 -104 -128 127 48 -55 -128 -128 -128 -33 127 -128 -128 127 -128 -128 -128 -128 -128 33 -128 -128 -76 -128 127 -128 95 
-128 -102 -128 -128 127 127 95 -128 127 83 2 -98 -94 127 -128 10 32 -122 -128 118 -128 -128 127 127 -46 127 -88 110 127 -128 -128 88 -128 -88 127 -65 -128 127 127 -128 -128 -31 -6 56 -59 -35 127 -128 127 -104 -128 106 48 -128 -128 -128 -128 -33 -8 -86 -128 -128 127 -4 -128 -128 -128 33 -128 -128 -76 -128 127 127 95 
-128 -128 -128 -128 127 127 95 -128 127 83 2 -98 -94 127 -128 10 32 -122 -128 118 -128 -128 127 127 127 127 -88 110 127 -47 -128 88 -128 -71 127 -65 -128 127 127 127 -103 -31 -6 56 -59 127 127 -128 127 -104 -128 127 48 -55 -128 -128 -128 -33 -8 -128 -128 127 127 -4 -128 -128 -128 -59 -128 -128 -76 -128 127 127 95 
-128 -102 -1 -128 127 127 95 -128 127 83 2 -98 -94 127 -128 10 32 -122 -128 118 -128 -128 -128 127 127 127 -88 110 -37 -47 -128 88 -128 -71 127 -65 -128 127 127 -128 127 -31 -6 56 -59 127 127 -128 127 -104 -128 127 48 -128 105 -128 -128 -33 126 -128 -128 127 -128 -128 -128 -128 -128 33 -128 -128 -76 -128 127 -128 95 
-128 -102 -128 -128 90 127 95 -128 127 83 2 -98 -94 127 -128 113 32 -122 -128 118 -128 -128 127 127 127 127 95 110 127 -128 -128 127 -128 -71 127 -65 -128 127 127 -128 -103 -31 -6 56 -59 -35 127 -104 127 -104 -128 106 48 -55 -128 -128 -128 -33 126 -128 -128 -128 -128 -8 -128 -128 -128 33 -128 -128 -76 -128 61 82 95 
-128 -102 -128 -128 127 127 95 -128 127 83 2 -98 -94 127 -128 10 32 -122 -128 118 -128 -128 -128 127 127 127 -88 110 127 -47 -128 88 -128 -71 127 -65 -128 127 127 -128 -103 -31 -6 127 -59 -35 127 -128 127 -104 -128 106 48 -55 -128 -91 -128 -33 127 -128 -128 127 -128 -128 -128 -128 -128 -59 -128 -128 -76 -128 61 61 95 
-128 -102 -128 -128 127 127 95 -128 -128 83 2 -98 -94 127 -128 113 32 -122 -128 118 -128 -128 -128 127 127 127 -88 110 127 -47 -128 88 -128 -71 -128 -65 -128 127 127 -128 -103 -31 -6 127 -59 -35 127 -128 127 -104 -128 127 48 -128 -128 -128 -128 -33 127 -128 -128 127 -128 75 -128 -128 -128 33 -128 -128 -76 -128 127 127 95 
4 -102 -128 -128 127 127 95 -128 127 83 2 -98 -94 127 -128 10 32 -122 -128 118 -128 -128 -128 127 127 127 127 110 127 -47 -128 88 -128 -88 127 -99 -128 127 127 -128 -103 -31 -6 56 -59 -35 127 -128 127 -104 -128 106 48 -128 -128 -128 -128 -33 126 -128 -128 -128 -128 -4 -128 -128 -128 -59 -128 -128 -76 -128 127 127 95 
127 -102 -128 -128 127 127 127 -128 -128 83 2 -98 -94 127 -128 10 32 -122 -128 118 -128 -128 127 127 127 127 -88 110 127 0 28 88 -128 -71 127 -99 -128 127 127 -128 -128 -31 -6 127 -82 -35 127 -128 127 -104 -128 106 48 -55 -128 -128 -128 -33 -8 -128 -128 127 -128 -4 -128 -128 -128 33 -128 -128 -76 -128 61 61 95 
4 -102 -128 -128 127 127 127 -128 -128 83 2 -98 -94 127 -128 10 32 -122 -128 118 -128 -128 127 127 127 127 -88 110 127 0 -128 88 -128 -71 127 -65 -128 127 -128 -128 -128 -31 -6 56 -128 -35 127 -128 127 -104 -128 127 48 -55 -128 -128 -128 -33 -8 -128 -128 127 127 -4 -128 -128 -128 33 -128 -128 -76 -128 127 -128 95 
-128 -102 -128 -128 90 127 95 -128 127 83 2 -98 -94 127 -128 10 32 -122 -128 118 -128 -128 127 127 127 127 -88 110 127 -47 -128 88 -128 -88 127 25 -128 127 127 -128 -103 -31 -6 127 -59 127 127 -104 127 -104 -128 127 48 -128 -128 -128 -128 -33 -8 -128 -128 127 127 -4 -128 -128 -128 33 -128 -128 -76 -128 -32 127 95 
4 -102 -128 -128 127 127 95 -128 127 83 2 -98 -94 127 -128 10 32 -122 -128 118 -128 -128 -128 127 127 127 -88 110 127 -47 -128 88 -128 -71 127 -65 -128 127 127 -128 -128 -31 -6 56 -59 -35 127 -128 127 -104 -128 106 48 -55 -128 -128 -128 -33 127 -128 -128 127 -128 -4 -128 -128 -128 -59 -128 -128 -76 -128 127 127 95 
-128 -102 -128 -128 127 127 95 -128 127 83 2 -98 -94 127 -128 10 32 -122 -128 118 -128 -128 -128 127 127 127 -88 110 127 -47 -128 88 -128 -71 127 -65 -128 127 127 -128 -103 -31 -6 127 -59 127 127 -128 127 -104 -128 106 48 -55 -128 -128 -128 -33 127 -128 -128 -128 -128 -128 -128 -128 -128 -59 -128 -117 -76 -128 61 127 95 
-128 -102 -128 -128 127 127 95 -128 -128 83 2 -98 -94 127 29 10 32 -122 -128 118 -128 -128 127 127 -70 127 -88 110 127 -47 -128 88 -128 -88 127 -65 -128 127 127 -128 -103 -31 -6 56 -59 -35 -128 -128 127 -104 -128 127 48 -128 -128 -128 -128 -33 127 -128 -128 127 127 -128 -128 -128 -128 -59 -128 -128 -76 -128 127 -76 95 
-128 -128 -128 -128 90 127 95 -128 127 83 2 -98 -94 127 -128 10 32 -122 -128 118 -128 -128 -128 127 127 127 95 110 127 -47 28 88 -128 -71 127 -65 -128 127 127 -128 -103 -31 -6 56 -82 127 127 -128 127 -104 -128 106 48 -128 -128 -128 -128 -33 127 -128 -128 -128 -128 -4 -128 -128 -128 33 -128 -128 -76 -128 61 127 95 
-128 -102 -128 -128 127 127 95 -128 127 83 2 -98 -94 127 -128 10 32 -122 -128 118 -128 -128 -128 127 127 127 95 110 127 -47 -128 88 -128 -71 127 25 -128 127 127 -128 -128 -31 -6 56 -59 -35 127 -128 127 -104 -128 106 48 -55 -128 -128 -128 -33 127 -128 -128 127 -128 -4 -128 -128 -128 -59 -128 -128 -76 -128 127 127 95 
-128 -102 -128 -128 90 127 95 -128 127 83 2 -98 -94 127 -128 10 32 -122 -128 118 -128 -128 127 127 127 127 -88 110 127 -128 28 88 -128 -71 127 25 -128 127 127 -128 -128 -31 -6 -128 -128 127 127 -128 127 -104 -128 127 48 -128 -128 -128 -128 -33 126 -128 -128 127 127 -4 -128 -128 -128 33 -128 -128 -76 -128 61 127 95 
-128 -128 -128 -128 127 127 127 -128 127 83 2 -98 -94 127 -128 10 32 -122 -128 118 -128 -128 -128 127 127 127 -88 110 127 -47 -128 88 -128 -71 127 -65 -128 127 127 -128 -128 -31 -6 127 127 -35 127 -128 127 -104 -128 106 48 -55 -128 -128 -128 -33 -8 -128 -128 -128 127 -4 -128 -128 -128 33 -128 -128 -76 -128 127 127 95 
-128 -102 -128 -128 90 127 95 -128 127 83 2 -98 -94 127 -128 -128 32 -122 -128 118 -128 -128 -128 127 127 127 -88 110 127 -128 28 88 -128 -71 127 -99 -128 127 127 -128 -128 -31 -6 56 -59 -35 127 -128 127 -104 -128 127 48 -55 -128 -128 -128 -33 126 -128 -128 127 127 -4 -128 -128 -128 -59 -128 -128 -76 -128 127 -76 95 
-128 -102 -128 -128 127 127 127 -128 127 83 2 -98 -94 127 -128 10 32 -122 -128 118 -128 -128 -128 127 127 127 127 110 127 -47 -128 88 -128 -71 127 -65 -128 127 127 -128 -103 -31 -6 56 -59 -35 127 -128 127 -104 -128 106 48 -55 -128 -128 -128 -33 127 -128 -128 127 -128 -128 -128 -128 -128 33 -128 -128 -76 -50 127 127 95 
127 -102 -128 -128 90 127 95 -128 127 83 2 -98 -94 127 -128 10 32 -122 -128 118 -128 -128 -128 127 127 127 -88 110 127 -47 -128 88 -128 -71 127 -65 -128 127 127 -128 -103 -31 -6 56 -59 -35 127 -128 127 -104 -128 106 48 -55 -128 -128 -128 -33 -8 -128 -128 127 -128 -128 -128 -128 -128 -59 -128 -128 -76 -128 127 127 95 
-128 -102 -128 -128 127 127 95 -128 127 83 2 -98 -94 127 -128 113 32 -122 -128 118 -128 -128 -128 127 127 127 -88 110 127 -47 -128 88 -128 -71 127 -65 -128 127 127 -128 -128 -31 -6 56 -59 -35 127 -128 127 -104 -128 106 48 -55 -128 -128 -128 -33 126 -128 -128 -128 127 -4 -128 -128 -128 33 -128 -128 -76 -128 127 -128 95 
4 -102 -1 -128 90 127 95 -128 127 83 2 -98 -94 127 -128 113 32 -122 -128 118 -128 -128 -128 127 127 127 -88 110 127 -47 -128 88 -128 -71 127 -65 -128 127 127 -128 -128 -31 -6 56 -59 -35 127 -104 127 -104 -128 106 48 -55 -128 -128 -128 -33 126 -128 -128 127 -128 -4 -128 -128 -128 33 -128 -128 -76 -128 127 -76 95 
127 -102 -128 -128 90 -128 127 -128 127 83 2 -98 127 127 -128 10 32 -122 -128 118 -128 -128 -128 127 127 127 -88 110 127 0 -128 88 -128 -71 -128 -65 -128 127 127 -128 -128 -31 -6 56 -59 127 127 -128 127 -104 -128 127 48 -55 -128 -128 -128 -33 126 -128 -128 127 -128 -4 -128 -128 -128 33 -128 -128 -76 -128 127 127 95 
-128 -102 -128 -128 127 127 95 -128 127 83 2 -98 -94 127 -128 10 32 -122 -128 118 -128 -128 127 127 127 127 95 110 127 -47 -128 88 -128 -88 127 -65 -128 127 127 -128 -103 -31 -6 127 -59 -35 127 -128 127 -104 -128 106 48 -55 -128 -128 -128 -33 126 -128 -128 127 -128 -4 -128 -128 -128 33 -128 -128 -76 -50 127 127 -123 
127 -102 -128 -128 127 127 95 -128 127 83 2 -98 -94 127 -128 10 32 -122 -128 118 -128 -128 -128 127 127 127 -88 110 19 -47 -128 88 -128 -71 127 -65 -128 127 127 -128 -103 -31 -6 127 -59 -35 127 -104 127 -104 -128 106 48 -55 -128 -128 -128 -33 126 -128 -128 -128 -128 -128 -128 -128 -128 -59 -128 -128 -76 -128 127 127 95 
4 -128 -1 -128 127 127 95 -128 127 83 2 -98 -94 127 -128 10 32 -122 -128 118 -128 -128 127 127 127 127 -128 110 127 -47 -128 88 -128 -71 127 25 63 127 127 -128 -128 -31 -6 127 -59 127 127 -128 127 -104 -128 106 48 -128 -128 -128 -128 -33 -8 -128 -128 127 127 -4 -128 -128 -128 33 -128 -128 -76 -128 127 127 95 
-128 -102 -128 -128 90 60 95 -128 127 83 2 -98 -94 127 -128 10 -128 -122 -128 118 -128 -128 -128 127 127 127 -88 110 127 -47 28 88 -128 -71 127 -99 -128 127 127 -128 -128 -31 -6 127 -59 -35 127 -104 127 -104 -128 127 48 -128 -128 -128 -128 -33 -8 -128 -128 -128 127 -4 -128 -128 -128 33 -128 -128 -76 -128 127 127 95 
4 -102 -128 -128 127 127 95 -128 127 83 -75 -98 -94 127 -128 113 32 -122 -128 118 -128 -128 -128 127 127 127 -88 110 127 -47 -128 88 -128 -71 127 -65 -128 127 127 -128 -103 -31 -6 56 -82 -35 127 -128 127 -104 -128 106 48 -128 -128 -128 -128 -33 127 -128 -128 -128 127 -4 -128 -128 -128 33 -128 -128 -76 -128 127 -128 95 
-128 -128 -128 -128 90 127 95 -128 127 83 2 -98 -94 127 -128 10 32 -122 -128 118 -128 -128 127 127 127 127 127 110 127 -47 -128 88 -128 -88 127 -99 -128 127 127 -128 -103 -31 -6 56 -59 -35 127 -128 127 -104 -128 106 48 -128 -128 -128 -128 -33 126 -128 -128 -128 -128 -4 -128 -128 -128 33 -128 -128 -76 -128 127 127 95 
-128 -102 127 -128 127 127 95 -128 127 83 2 -98 -94 127 -128 10 32 -122 -128 118 -128 -128 127 127 127 127 -88 110 127 -47 28 88 -128 -71 127 -65 -128 127 127 -128 -103 -31 -6 127 -59 -35 127 -128 127 -104 -128 106 48 -128 -128 -128 -128 -33 126 -128 -128 -128 -128 -4 -128 -128 -128 33 -128 -117 95 -50 127 -128 95 
127 -102 -1 -128 127 127 95 -128 127 83 2 -98 -94 127 -128 10 32 -122 -128 118 -128 -128 -128 127 127 127 95 110 127 -47 -128 88 -128 -71 127 -65 -128 127 127 -128 -128 -31 -6 56 -59 -35 127 -128 127 -104 -128 106 48 -55 -121 -128 -128 -33 126 -128 -128 127 -128 -4 -128 127 -128 33 -128 -128 -76 -50 -128 -128 95 
127 -102 -128 -128 90 127 95 -128 -128 83 2 -98 -94 127 -128 10 32 -122 -128 118 -128 -128 127 127 127 127 -88 110 127 -60 -128 88 -128 -71 127 -65 -128 127 127 -128 -128 -31 -6 56 -82 127 127 -128 127 -104 -128 106 48 -55 -128 -128 -128 -33 -8 -128 -128 -128 -128 -128 -128 -128 -128 -59 -128 -128 -76 -128 127 127 95 
-128 -102 -128 -128 127 127 127 -128 127 83 2 -98 -94 127 -128 10 32 -122 -128 118 -128 -128 -128 127 127 127 -88 110 127 -47 -128 88 -128 -88 127 -65 -128 127 127 -128 -128 -31 -6 127 -59 127 27 -128 127 -104 -128 106 48 -128 -128 -128 -128 -33 126 -128 127 127 127 -128 -128 -128 -128 33 -128 -117 -76 -50 127 127 95 
-128 -102 -128 -128 127 127 95 -128 127 83 2 -98 -94 127 -128 113 32 -122 -128 118 -128 -128 -128 127 127 127 127 110 127 -47 -128 88 -128 -71 127 25 -128 127 127 -128 -103 -31 -6 56 -59 -35 127 -128 127 -104 -128 106 48 -55 -128 -128 -128 -33 127 -128 -128 -128 -128 -4 -128 -128 -128 33 -128 -128 -76 -128 127 61 95 
-128 -128 -128 -128 127 127 95 -128 127 83 2 -98 -94 127 -128 10 32 -122 -128 118 -128 -128 -128 127 127 127 -88 110 127 -47 28 88 -128 -71 127 -65 -128 127 127 -128 -128 -31 -6 127 -59 127 127 -128 127 -104 -128 127 48 -128 -128 -128 -128 -33 127 -128 -128 127 -128 -4 -128 -128 -128 33 -128 -128 -76 -128 127 127 95 
-128 -102 -1 -128 127 127 95 -128 127 83 2 -98 -94 127 -128 113 32 -122 -128 127 -128 -128 127 127 127 127 95 110 127 -47 -128 88 -128 -88 127 -99 -128 127 127 127 -103 -31 -6 56 -59 -35 127 -128 127 -104 -128 106 48 -128 -128 -128 -128 -33 -8 -128 -128 127 127 -4 -128 -128 -21 33 -128 -128 -76 -50 127 127 95 
-128 -102 -128 -128 90 127 95 -128 127 83 2 -98 -94 127 -128 10 32 -122 -128 118 -128 -128 -128 127 127 127 -88 110 127 -47 -128 88 -128 -71 127 -99 -128 127 127 -128 -128 127 -6 56 -59 -35 127 -128 127 -104 -128 106 48 -128 127 -128 -128 -33 -8 -128 -128 127 -128 -4 -128 -128 -128 33 -128 -117 -76 -128 127 -128 95 
-128 -102 -128 -128 90 127 95 -128 127 83 2 -98 -94 127 -128 113 32 -122 -128 118 -128 -128 -128 127 127 127 -88 110 127 -128 -128 88 -128 60 127 25 -128 127 127 -128 -103 -31 -6 -128 -59 127 127 -128 127 -104 -128 106 48 -128 -128 -128 -128 -33 127 -128 -128 18 -128 -4 -128 -128 -128 33 -128 -128 -76 -128 61 127 95 
-128 -102 -128 -128 90 127 95 -128 127 83 2 -98 -94 127 -128 10 127 -122 -128 118 -128 -128 -128 127 127 127 -88 110 127 -47 -128 88 102 -88 127 -65 -128 127 127 -128 -103 -31 -6 56 -59 -35 127 -128 127 -104 -128 106 48 -128 -128 -128 -128 -33 126 -128 -128 -128 127 -4 -128 -128 -128 -59 -128 -128 -76 -128 127 -128 95 
-128 -102 -128 -128 127 127 127 -128 127 83 2 -98 -94 127 -128 10 32 -122 -128 118 -128 -128 -128 127 127 127 -88 110 127 -47 28 88 -128 -71 127 -65 -128 127 127 -128 -128 -31 -6 127 -59 -35 127 -128 127 -104 -128 106 48 -55 -128 -128 -128 -33 127 -128 -128 127 -128 -4 -128 -128 -128 33 -128 -117 -63 -128 127 -76 95 
-128 127 -128 -128 127 127 95 -128 127 83 2 -98 -94 127 -128 10 32 -122 -128 118 -128 -128 -128 127 127 127 -88 110 127 -47 -128 88 -128 -71 127 -65 -128 127 127 -128 -128 -31 -6 56 -59 127 127 -128 127 -104 -128 127 48 -128 -128 -128 -128 -33 126 -128 -128 127 -128 -4 -128 -128 -128 33 -128 -128 -76 -128 127 -128 95 
-128 -102 -1 -128 127 127 95 -128 127 83 2 -98 -94 127 -128 10 32 -122 -128 118 -128 -128 127 127 127 127 -88 110 127 -47 -128 88 -128 -71 127 -99 -128 127 127 -128 -103 -31 12 127 -59 -35 127 -128 127 -104 -128 106 48 -55 -128 -128 -128 -33 126 -128 -128 -128 127 -128 -128 -128 -128 -59 -128 -128 -76 -128 61 -76 95 
127 -102 -128 -128 127 127 105 -128 127 83 2 -98 -94 127 -128 10 32 -122 -128 118 -128 -128 -128 127 127 127 -88 110 127 -47 -128 88 -128 -71 127 -65 -128 127 127 -128 -128 -31 -6 56 -59 -35 127 -104 127 -104 -128 106 48 -55 -128 -128 -128 -33 126 -128 -128 -128 -128 -4 -128 -128 -128 -59 -128 -128 -76 -128 127 127 95 
-128 -102 -128 -24 127 127 127 -128 127 83 2 -98 -94 127 -128 10 32 -122 -128 118 -128 -128 -128 127 127 127 -88 110 127 -47 -128 88 -128 -71 127 -65 -128 127 127 -128 -128 -31 -6 -63 -59 127 127 -128 127 -104 -128 106 48 -55 -128 -128 -128 -33 126 -128 -128 127 -128 -4 -128 -128 -128 33 -128 -128 -76 -128 127 127 95 
4 -128 -128 -128 127 127 95 -128 -128 83 2 -98 -94 127 -128 10 32 -122 -128 118 -128 -128 -128 127 127 127 95 110 127 -47 -128 88 -128 -71 127 -65 -128 127 127 -128 -128 -31 -6 56 -82 127 13 -128 127 -104 -128 106 48 -55 -128 -128 -128 -33 -8 -128 -128 127 -128 -4 -128 -128 -128 33 -128 -128 -76 -128 127 61 95 
-128 -128 -128 -128 127 127 95 -128 127 83 2 -98 -94 127 -128 10 32 -122 -128 118 -128 -128 127 127 127 127 -88 110 127 -47 -128 88 -128 -71 127 -65 -128 127 127 -128 -128 -31 -6 56 -59 -35 127 -128 127 -104 -128 -62 48 -55 -128 -128 -128 -33 127 -128 -128 127 127 -4 -128 -128 -128 -59 -128 -128 -76 -128 127 127 95 
-128 -102 -128 -128 127 127 95 -128 127 83 2 -98 -94 127 -128 10 32 -122 -128 118 -128 -128 -128 127 127 127 -88 110 127 0 -128 88 -128 -71 127 -99 -128 127 127 -128 -103 -31 -6 56 -82 -35 127 -128 127 -104 -128 127 48 -128 -128 -128 -128 -33 127 -128 -128 127 -128 -128 -128 -128 -128 33 -128 -128 -76 -50 127 127 95 
-128 -128 -128 -128 90 127 95 -128 127 83 2 -98 -94 127 -128 10 32 -122 -128 118 -128 -128 127 127 127 127 -88 110 127 -47 -128 88 -128 -71 127 -65 -128 127 127 -128 -103 -31 -6 56 -59 127 127 -128 127 -104 -128 106 48 -55 -128 -128 -128 -33 127 -128 -128 -128 -128 -128 -128 -128 -128 -59 -128 -128 -128 -128 127 -76 95 
-128 -128 -128 -128 127 127 95 -128 -128 83 2 -98 -94 127 -128 10 32 -122 -128 118 -128 -128 -128 127 127 127 -88 110 127 -47 -128 88 -128 -71 127 -65 -128 127 127 -128 -103 -31 -6 56 -59 127 127 -104 127 -104 -128 106 48 -55 -128 -128 -128 -33 126 -128 -128 127 127 -128 -128 -128 -128 33 -128 -128 -76 -128 127 127 95 
4 -102 -128 -128 127 127 95 -128 127 83 2 -98 -94 127 -128 113 32 -122 -128 118 -128 -128 -128 127 127 127 95 127 127 -47 -128 88 -128 -71 127 -65 -128 127 127 -128 -128 127 -6 56 -59 -35 127 -128 127 -104 -128 106 48 -128 -128 -128 -128 -33 -8 -128 -128 -128 -128 -4 -128 -128 -128 33 -128 -128 -76 -128 127 -128 95 
4 -128 -128 -128 127 127 127 -128 127 83 2 -98 -94 127 -128 10 32 -122 -128 118 -128 -128 -128 127 127 127 -88 110 127 0 -128 88 -128 -71 127 25 -128 127 127 -128 -103 -31 -6 127 -82 127 127 -128 127 -104 -128 106 48 -55 -128 -128 -128 -33 127 -128 -128 127 -128 -4 -128 -128 -128 33 -128 -128 -76 -50 127 127 95 
