100 100
-54 -128 -65 119 127 -128 127 66 -128 127 127 31 46 1 -24 -81 -128 -128 -128 127 -109 85 -89 67 -24 107 127 19 -128 -8 96 26 127 127 -128 7 127 -50 127 -80 -128 118 104 127 98 22 23 127 127 93 -18 123 -128 -128 -6 50 -4 -128 -128 127 8 -128 26 127 -128 -46 127 -78 127 112 127 -6 115 100 -72 
-54 -75 -85 119 127 127 127 66 -128 127 127 31 -128 1 -24 -81 -128 -128 -128 127 -109 -128 -82 -128 -24 107 127 19 -128 -8 96 26 127 127 -128 7 127 -50 127 100 -128 118 104 127 98 32 23 127 127 93 -128 123 -128 -121 -6 50 -4 127 -128 -78 -66 -128 120 127 10 -46 127 -78 -128 112 127 -6 115 100 -72 
-54 -75 -128 119 127 -128 127 66 -128 127 127 31 46 1 127 15 -128 -128 -128 127 -109 85 -82 97 -24 107 127 19 -128 -8 96 26 -38 127 60 7 127 -50 127 100 -86 118 104 92 127 22 23 127 127 93 -128 123 -128 -121 -6 50 -4 -128 -128 127 -66 -128 26 -68 10 -46 127 -78 1 112 127 -6 115 100 -72 
-54 -128 -128 127 127 127 127 66 -128 127 127 31 46 1 127 -81 -128 -128 -128 127 -109 -128 -82 97 -24 107 127 19 -128 -8 96 26 127 127 -71 7 127 -50 127 100 -128 118 104 92 98 22 23 127 127 93 -18 123 -128 -20 -6 50 -4 127 127 127 -128 -128 26 -68 10 -128 127 -78 1 112 127 -6 115 127 -72 
-54 -75 -65 119 127 127 127 66 -128 127 127 31 -128 1 127 15 -128 -128 -128 127 -109 -128 -89 97 -24 107 127 19 -128 -8 96 26 74 127 -71 7 127 -50 127 100 -128 118 104 127 98 22 23 127 127 93 -18 123 -128 -121 -6 50 -4 -128 127 127 -66 -128 26 -116 10 -46 127 -78 127 112 75 -6 -128 74 -72 
-54 -128 -128 119 127 127 127 66 -128 127 127 31 46 1 127 15 -128 -128 -128 127 -109 127 -89 127 -24 107 127 19 -128 -8 96 26 127 127 -71 7 127 -50 127 100 -128 118 104 127 98 22 23 127 127 93 -18 123 -128 -121 -128 50 -4 -128 127 -78 -128 -128 26 127 10 -46 127 -78 1 112 127 -6 115 100 -72 
-54 -128 -128 127 127 127 127 66 -128 127 127 31 46 1 127 15 -128 2 -128 -128 -109 127 -82 97 -24 107 127 19 -128 -8 96 26 127 127 -71 7 127 -50 127 100 -128 -118 -128 127 98 32 -128 127 127 93 105 123 -128 -121 -6 50 -4 127 51 127 -66 -128 26 -68 10 -46 127 -78 127 112 75 -6 115 127 -72 
-54 -75 127 127 127 127 127 66 -128 127 127 31 -128 1 -24 15 -128 -128 -128 127 -109 -128 -89 127 -24 107 127 19 -128 -8 96 26 127 127 -71 7 127 -50 127 100 -128 118 104 127 127 22 23 127 127 93 -18 123 -128 -121 -6 50 -4 -128 -128 127 -66 -128 26 127 10 -128 127 -78 127 112 127 -128 32 100 -72 
-54 -75 -128 127 127 127 127 66 -128 127 127 31 46 1 127 15 -128 -128 -128 127 -109 -128 -89 127 -24 107 -99 19 -128 -8 96 26 127 127 -71 7 127 -128 127 103 -128 118 104 127 98 32 -128 127 127 93 -18 123 -128 -121 -6 50 -4 127 127 127 -66 -128 26 -116 -128 -46 127 -78 127 112 127 -6 115 127 -72 
-128 -75 -128 127 127 127 127 66 -128 127 127 31 46 1 -24 15 -128 -128 -128 127 -109 85 -82 127 -24 107 127 19 -128 -128 -113 26 127 127 -128 7 127 -50 127 100 -128 118 104 127 98 22 23 127 127 93 -18 123 -128 -121 -6 50 -4 127 51 127 -66 -128 26 -68 10 -128 127 -78 -3 112 127 -6 115 100 -72 
-54 -128 -128 127 127 127 127 66 -128 127 127 31 -128 1 -24 -81 -128 -128 127 127 -109 127 -89 127 -24 107 127 19 -128 -8 96 26 127 127 -128 7 127 -50 127 103 -23 118 104 127 98 22 23 127 127 127 105 123 -128 114 -6 50 -4 127 51 127 -66 -128 26 127 10 -46 127 -78 127 112 127 -128 115 127 -72 
-54 -75 -128 127 127 127 127 66 -128 127 127 31 46 1 -24 15 -128 -128 -128 127 -109 40 -89 97 -24 107 127 19 -128 -8 96 26 74 127 -128 7 127 -50 127 103 -86 118 -76 127 127 32 -128 127 127 93 -18 123 -128 -87 -6 50 -4 -128 51 -78 -66 -128 26 -116 10 -46 127 -78 -123 112 75 -6 115 127 -72 
21 -75 -128 119 127 -128 127 66 -128 127 127 31 -128 1 -24 15 -128 -128 -128 127 -109 -128 -89 127 -24 107 127 19 -128 -8 96 26 127 127 -71 7 127 -128 127 100 -128 118 -76 127 127 32 23 127 127 93 -18 123 -128 -121 -6 50 -4 -128 -128 127 8 -128 26 127 10 -46 127 -78 127 112 127 -128 115 127 -72 
-54 -128 -128 80 127 127 127 66 -128 127 52 31 -128 1 -24 127 -128 -128 -128 127 -109 127 -89 67 -24 107 127 19 -128 -8 96 26 127 127 -71 7 127 -50 127 100 -128 118 104 127 98 22 23 127 127 93 -18 123 -128 -121 -6 50 -4 127 -128 -27 -66 -128 26 127 10 -128 127 -78 127 112 75 -6 115 127 -72 
-128 -75 -128 119 127 -128 127 66 -128 127 127 31 -128 1 -24 -81 -128 -128 127 127 -109 127 -82 97 -24 107 127 19 -128 -8 96 26 127 127 -71 7 127 -50 127 103 -128 118 -128 127 127 22 23 127 127 93 -18 123 -128 -87 -6 50 -4 127 -128 127 -66 -128 26 127 -128 -128 127 -78 127 112 127 -6 115 100 -72 
-54 -75 -128 119 127 127 127 66 -128 127 127 31 -128 1 -24 15 -128 -128 127 127 -109 127 -82 97 -24 107 127 19 -128 -8 96 26 127 127 -128 7 127 -50 127 103 -128 118 -76 127 98 32 23 127 127 93 -18 123 -128 -87 -6 94 -4 127 -128 -78 -66 -128 26 127 10 -46 127 -78 -3 112 127 -6 115 127 -72 
-54 -75 -85 127 127 -128 127 66 -128 127 127 31 46 1 -24 15 -128 -128 -128 127 -109 85 -82 67 -24 107 127 19 -128 -8 96 26 127 127 -71 7 127 -50 127 100 -86 118 104 127 127 22 23 127 127 93 105 123 -128 -87 -6 50 -4 -128 -128 -78 -66 -128 26 127 10 -46 127 -78 1 112 127 -6 115 100 -72 
-54 -75 -128 119 127 127 127 66 -128 127 127 31 46 1 127 15 -128 -128 -128 127 -109 85 -82 127 -24 107 127 19 -128 -8 96 26 127 127 -71 7 127 -50 127 103 -128 118 104 92 127 22 23 127 -128 93 -128 -59 -128 -121 -6 50 -4 127 -128 -78 -128 -128 26 127 -128 -46 127 -78 127 112 75 -6 115 100 -72 
-54 -128 -65 119 127 127 127 66 -128 127 127 -128 46 1 127 15 -128 -128 -128 127 -109 -128 -89 127 -24 107 127 19 -128 -8 96 26 127 127 -71 7 127 -50 127 100 -128 118 104 127 98 22 23 127 127 93 -18 123 -128 -87 -6 50 -4 127 -128 127 8 -128 26 127 10 -46 127 -78 1 112 127 -6 115 100 -72 
-54 -75 -128 80 127 127 127 66 -128 127 127 31 46 1 -24 15 -128 -128 127 127 -109 127 -89 97 -24 107 127 19 -128 -8 96 26 127 127 -71 7 127 -50 127 103 -128 118 -76 127 98 22 23 127 -7 93 -18 123 -128 -121 -6 50 -4 -128 51 127 8 -128 26 -116 10 -46 127 -78 127 112 127 -6 115 100 -72 
-128 34 -128 119 127 127 127 66 -128 127 127 31 46 1 -24 -81 -128 -128 -128 127 -109 85 -89 97 -24 107 127 19 -128 -8 96 26 74 127 -71 7 127 -50 127 100 -128 118 104 127 127 22 23 127 127 93 -18 123 -128 -20 -6 50 -4 -128 127 -78 -66 -128 26 127 10 -46 127 -78 1 112 127 -6 115 127 -72 
-128 127 -128 80 127 127 127 66 -128 127 127 31 46 1 -24 -81 -128 -128 -128 127 -109 85 -89 -128 -24 107 127 19 -128 -8 96 26 74 127 -71 7 127 -128 127 100 -86 118 104 127 98 22 23 127 127 93 105 123 -128 -87 -6 50 -4 -128 -128 127 -66 -128 26 -68 -128 -46 61 -78 1 112 127 -6 115 100 -72 
-54 -75 -128 119 127 127 127 66 -128 127 127 31 46 1 -24 -81 -128 -128 127 127 -109 127 -82 97 -24 107 127 19 -128 -8 96 26 127 127 -71 7 127 -50 127 100 -128 118 104 127 -128 127 -128 127 127 93 -18 -128 -128 -121 -6 50 -4 127 51 -78 127 -128 26 -68 10 -46 127 -78 127 112 127 -128 115 -53 -72 
-54 -128 -128 119 127 127 127 66 -128 127 127 31 46 1 -24 127 -128 -128 -128 127 -109 127 -82 -128 -24 107 127 19 -128 -8 96 26 127 127 -71 7 127 -50 127 103 -128 118 104 127 98 22 23 127 127 93 -18 123 -128 -121 -6 50 -4 127 -128 -78 8 -128 26 -68 10 -46 127 -78 127 112 127 -128 98 100 -72 
-128 -128 -128 119 127 127 127 66 -128 127 127 31 -128 1 -24 15 -128 -128 127 127 -109 85 -89 97 -24 107 127 19 -128 -8 96 26 127 127 -71 7 127 -128 127 100 -86 118 104 127 98 22 -128 127 127 93 -18 123 -128 -87 -6 50 -4 127 127 127 -66 -128 26 127 10 -46 127 -78 -3 112 127 -128 115 100 -72 
-54 -75 -128 80 127 -128 127 66 -128 127 127 31 46 1 -24 15 -128 57 -128 127 -109 127 -82 127 -24 107 127 19 -128 -8 96 26 127 127 -128 7 127 -50 127 103 -128 118 104 127 127 22 -128 127 127 93 105 123 -128 -87 -6 50 -4 127 -128 127 -66 -128 26 -68 10 -46 127 -107 1 112 127 -6 115 100 -72 
-54 -75 -128 80 127 127 127 66 -128 127 127 31 -128 1 -24 -81 -128 -128 127 127 120 85 -82 97 -24 107 127 19 -128 -8 96 26 127 127 -71 7 127 -50 127 103 -128 118 104 127 98 22 23 127 127 93 -18 123 -128 -87 -6 50 -128 -128 -128 127 -128 -128 26 127 10 -46 127 -78 1 112 127 -128 63 100 -72 
-54 -75 -128 119 127 127 127 127 -128 127 127 31 -128 1 -24 15 -128 -128 -128 127 -109 85 -82 97 -24 107 127 19 -128 -8 96 26 74 127 -71 7 127 -50 127 100 -128 118 104 127 98 22 23 127 127 93 -18 123 -128 -20 -6 50 -4 127 127 127 -66 -128 26 127 10 -46 127 -78 -128 112 127 -128 115 100 -72 
-54 -75 -128 127 127 -128 127 66 -128 127 127 31 -128 1 -24 15 -128 -128 -128 127 -109 127 -82 -128 -24 107 127 19 -128 -8 96 26 127 127 -71 7 127 -128 127 100 -128 118 -76 127 98 32 23 127 127 93 -18 123 -128 -121 -6 50 -4 -128 -128 -78 -66 -128 26 127 10 -46 127 -78 1 112 127 -6 115 100 -72 
-54 -75 -85 127 127 127 127 66 -128 127 127 17 46 1 -24 15 -128 -128 -128 127 -109 -128 -82 97 -24 107 127 19 -128 -8 96 26 74 127 -128 7 127 -50 127 103 -128 118 104 127 98 32 23 127 127 93 -18 123 -128 114 -6 50 -4 -128 -128 127 -66 -128 26 127 10 -46 127 -78 127 -13 75 -6 115 127 -72 
-54 -75 -128 119 127 -128 127 119 -128 127 127 -128 46 1 127 127 -128 -128 -128 127 -109 -128 -82 -128 -24 107 127 19 -128 82 96 26 127 127 -71 7 127 -50 127 100 -128 118 104 127 -128 22 23 127 127 127 -128 123 -128 -20 -6 50 -4 -128 -128 -128 -66 -128 26 -68 10 -46 127 -78 1 112 127 -128 115 100 -72 
21 -75 -128 80 127 127 127 66 -128 127 127 31 46 1 -24 127 -128 57 -128 127 -109 -88 -89 97 -24 107 127 19 -128 -8 96 26 74 127 -71 7 -128 -50 127 100 -128 118 104 127 127 22 23 127 127 93 -18 123 -128 -121 -6 50 -4 127 51 -78 -66 -128 9 127 10 -46 127 -78 -3 112 127 -6 115 100 -72 
-128 -128 -128 119 127 127 127 66 -128 127 127 31 -128 1 -24 15 -128 -128 -6 127 -109 127 -89 97 -24 107 127 19 -128 -8 96 26 123 127 -71 7 127 -50 127 100 -86 118 104 127 98 32 -128 127 127 93 -18 123 -128 -121 -6 50 -4 -128 -128 127 8 -128 26 127 10 -46 127 -78 1 112 127 -6 115 100 -72 
-54 -128 -85 127 127 127 127 127 -128 127 127 31 -128 1 -24 -81 -128 -128 -128 127 -109 85 -89 97 -24 107 127 19 -128 -8 96 26 127 127 -71 7 127 -50 127 100 -128 118 104 127 98 22 -128 127 127 127 -18 123 -128 -87 -6 50 -4 -128 51 -78 -66 -128 26 127 10 -46 127 -78 127 112 75 -6 115 100 -72 
-54 -128 -128 119 127 127 127 66 -128 127 127 31 46 1 -24 15 -128 -128 -128 127 -109 -88 -82 97 -24 107 127 19 -128 -8 96 26 127 127 -71 7 127 -50 127 103 -128 118 104 127 98 32 23 127 127 93 105 123 -128 114 -6 50 -4 127 127 -128 -66 -128 26 127 10 -46 127 -78 1 112 127 -6 115 100 -72 
-128 -75 -128 80 127 -128 127 66 -128 127 127 31 46 1 127 127 -128 -128 -128 127 -109 127 -89 97 -24 107 127 19 -128 -8 96 26 127 127 -71 7 127 -50 127 103 21 118 104 127 127 22 -128 127 127 93 -128 123 -128 -20 -6 50 -4 127 127 127 -66 -128 26 127 10 -46 127 -78 127 112 127 -6 115 100 -72 
-128 -75 -128 127 127 127 127 66 -128 89 127 31 46 1 -24 15 -128 -128 127 127 -109 -128 -82 119 -24 107 127 19 -128 -8 96 26 127 127 -128 7 127 -50 127 103 -128 118 104 127 98 22 23 127 127 93 -18 123 -128 -87 -6 50 -4 -128 -128 -78 -66 -128 26 127 -128 -128 127 -78 -128 112 127 -128 115 127 -72 
-54 -75 -128 119 127 127 127 66 -128 127 127 31 -128 1 127 127 -128 -128 -128 127 -109 127 -89 -128 -24 107 127 19 -128 -8 96 26 127 127 -71 7 127 -50 127 100 -128 118 104 127 127 22 -128 127 127 93 -18 123 -128 -121 -6 50 -4 -128 127 -78 -66 -128 26 127 10 -46 127 -78 1 112 127 -6 115 127 -72 
-54 -75 -65 119 127 127 127 66 -128 127 127 31 46 1 -24 -81 107 -128 127 127 -109 85 -89 97 -24 107 127 19 -128 -8 96 26 127 127 -71 7 127 -50 127 100 -86 118 104 127 98 22 -128 127 127 93 -18 123 -128 -121 -127 50 -4 127 -128 127 -128 -128 26 -116 -128 -128 127 -78 -128 112 127 -6 115 127 -72 
-54 -128 -128 127 127 127 127 66 -128 127 127 31 46 1 127 15 -128 -128 -128 127 -109 127 -82 97 -24 107 127 19 125 -8 96 26 74 127 -128 7 127 -128 127 100 -128 118 -76 127 127 22 -128 127 127 93 -18 123 -128 -20 -6 50 -4 -128 51 127 -66 -128 26 127 10 -46 127 -78 -3 112 127 -128 115 100 -72 
-128 -75 -128 127 127 127 127 66 -128 127 127 31 46 1 -24 127 -128 -128 -128 127 -109 -128 -82 127 -128 107 127 19 -128 -8 96 26 74 127 -71 7 127 -50 127 103 -128 118 104 127 -128 22 23 127 127 93 -18 123 -128 -121 -6 50 -4 -128 51 127 -128 -128 26 127 10 -46 127 -78 1 112 75 -6 115 100 -72 
21 -75 -128 127 127 127 127 66 -128 127 127 31 -128 1 -24 15 -128 -128 -128 127 -109 -128 -89 97 -24 107 127 19 -128 -8 96 -128 127 127 -71 7 127 -50 127 100 -128 118 104 127 -105 22 23 127 127 93 -18 123 -128 -87 -6 50 -4 -128 -128 127 -66 -128 26 127 10 70 127 -78 -3 112 75 -128 115 100 -72 
-54 -128 -128 127 127 -128 127 66 -128 127 127 31 46 1 -24 15 -128 -128 -128 127 -109 -88 -89 127 -24 107 127 19 -128 -8 96 26 127 127 -71 7 127 -50 127 100 -128 118 -76 127 98 22 -128 127 127 93 -18 123 -128 -121 -6 50 -4 127 -128 -78 -66 -128 26 -116 10 -46 127 -78 -128 112 127 -6 115 100 -72 
-54 -75 -85 127 127 -128 127 66 -128 127 127 -128 -128 1 -24 15 -128 -128 -128 127 -109 85 -89 127 -24 107 127 19 -128 -8 96 26 74 127 -71 7 127 -50 127 103 -128 118 104 127 98 22 23 127 127 93 127 123 -128 -20 -6 50 -4 -128 -128 127 -66 -128 26 127 -128 -46 127 -78 127 112 75 -6 115 100 -72 
-54 -128 -128 119 127 127 127 66 -128 127 127 -128 46 1 -24 15 -128 57 127 -128 -109 -128 -82 127 -24 107 127 19 -128 -8 96 26 127 127 -128 7 127 -50 127 100 -128 118 104 127 98 32 23 127 127 93 -18 123 -128 -121 -6 50 -4 -128 127 -78 -66 -128 26 -68 10 -46 127 -78 1 112 75 -6 115 100 -72 
-54 -128 -128 119 127 127 127 66 -128 127 127 31 46 1 -24 15 -128 57 -128 127 -109 85 -82 97 -24 107 127 19 -128 -8 96 26 127 127 -71 7 127 -50 127 103 -128 118 104 127 98 32 23 127 127 93 -18 123 -128 114 -6 50 -4 127 -128 -78 -66 -128 26 127 10 -46 127 -78 1 112 75 -6 115 100 -72 
-54 -75 -128 80 127 127 127 66 -128 127 127 31 -104 1 -24 -81 -128 -128 -128 127 -109 85 -82 67 -24 107 127 19 -128 -8 96 26 127 127 -71 7 127 -50 127 100 -128 118 -76 127 -128 22 -128 127 127 93 -18 123 -128 -121 -6 50 -4 -128 -128 127 -66 -128 26 -68 10 -46 127 -78 127 112 127 -6 115 100 -72 
21 -128 -65 127 127 127 127 66 -128 127 127 31 46 1 -24 -81 -128 -128 -128 127 -109 127 -82 97 -24 107 127 19 -128 -8 96 26 127 127 -71 7 127 -50 127 100 -128 118 104 127 127 32 23 127 127 93 -18 123 -128 -87 -128 50 -4 127 51 -78 -66 -128 26 -68 10 -46 127 -78 1 112 75 -6 115 127 -72 
-54 -75 -128 127 127 127 127 66 -128 127 127 31 -128 1 -24 15 -128 -128 -128 127 -109 -88 -82 -128 -24 107 127 19 -128 -8 96 26 127 127 -71 7 127 -128 127 100 -128 118 104 127 98 22 23 127 127 93 -128 123 -128 -20 -6 50 -4 -128 -128 127 8 -128 26 -68 10 -46 127 -78 127 112 127 -6 115 100 -72 
21 -75 -128 127 127 -128 127 66 -128 127 127 31 46 1 127 15 -128 -128 -128 127 -109 -88 -89 97 -24 107 127 19 -128 -8 96 26 74 127 -128 7 127 -50 127 100 -86 118 104 127 98 22 23 127 127 93 -18 123 -128 -121 -6 50 -4 -128 -128 127 -66 -128 26 127 -92 -46 127 -78 1 112 75 -128 115 100 -72 
-54 -75 -128 80 127 127 127 66 -128 127 127 31 46 1 -24 15 -128 -128 -128 127 -109 -128 -89 -128 -24 107 127 19 -128 -8 96 26 -33 127 -71 7 127 -50 127 100 -128 118 -76 127 -128 22 -128 127 127 93 -18 123 -128 114 -6 50 -4 127 -128 -78 -66 -128 26 127 10 -128 127 -78 127 112 75 -128 115 100 -72 
-54 -75 -128 119 127 127 127 66 -128 127 127 31 -128 1 -24 15 -128 -128 -128 127 -109 127 -82 127 -24 107 127 19 -128 -8 96 26 127 127 -128 7 127 -75 127 100 -128 118 104 127 98 22 23 127 127 93 -18 123 -128 -121 -6 50 -4 -128 -128 127 -66 -128 26 127 10 -128 127 -78 1 112 127 -6 115 100 -26 
21 -128 -128 -128 127 127 127 66 -128 127 127 126 46 1 -24 15 -128 -128 -128 127 -109 -128 -82 97 -24 107 127 19 -128 127 96 26 127 127 -71 7 127 -50 127 100 -128 118 104 127 98 22 23 127 127 93 -18 123 -128 -121 -6 50 -4 -128 15 -128 -66 -128 26 -68 10 -46 101 -78 127 112 127 -6 115 100 -72 
-128 -75 -128 119 127 127 127 66 -128 127 127 31 46 1 -24 -81 -128 -128 127 127 -109 85 -82 97 -24 107 127 19 -128 -8 96 26 127 127 116 7 127 -50 127 103 -128 118 104 127 -128 22 23 127 127 93 -18 123 -128 -121 -6 50 -4 127 51 127 -128 -128 26 -68 10 -46 127 -78 1 112 127 -6 115 100 -72 
-54 -75 -65 80 127 127 127 66 -128 127 127 31 46 1 -24 15 -128 -128 -128 127 -109 85 -82 127 -24 107 127 19 -128 -8 96 26 127 127 -71 -112 127 -50 127 100 -128 118 104 127 98 32 -128 127 127 93 -18 123 -128 -121 -6 50 -4 -128 -128 127 -66 -128 26 127 10 -46 127 -78 127 112 127 -6 115 100 -72 
-54 -75 -85 -128 -82 127 127 66 -128 127 127 31 46 1 -24 -81 -128 57 127 127 -109 127 -82 97 -24 107 127 19 -128 -8 96 26 74 106 -71 7 127 -50 127 103 -128 118 -76 127 98 22 -128 127 127 93 105 123 -128 -121 -6 50 -4 127 127 -78 -66 -128 26 127 10 -46 127 -78 127 112 127 -6 115 100 -72 
-54 -75 -128 119 127 -128 127 66 -128 127 127 31 46 1 -24 15 -128 -128 -128 127 -109 -128 -89 127 -24 107 127 19 -128 -8 96 26 127 127 -128 7 127 -50 127 100 -128 118 -76 127 127 32 23 127 127 93 -18 123 -128 -121 -6 50 -4 127 -128 127 -66 -128 26 127 10 -46 127 -78 127 112 75 -6 115 127 -72 
-54 127 -128 119 127 127 127 66 -128 127 127 31 46 1 127 15 -128 -128 -128 127 -109 2 -89 97 -24 107 127 19 -128 -8 96 26 127 127 -128 7 127 -50 127 100 -128 118 104 127 98 22 23 127 127 93 -18 123 -128 -87 -6 50 -4 127 51 -78 -66 -128 26 127 10 -46 127 -78 127 112 127 -6 115 100 -72 
-54 -75 -128 119 127 127 127 66 -128 127 127 31 -128 1 -24 15 -128 -128 -128 127 -109 127 -89 127 -24 -70 127 19 -128 -8 96 127 127 127 -71 7 127 -50 127 100 -128 118 104 127 127 22 -128 127 127 93 -18 123 -128 114 -6 127 -4 -128 51 -128 -66 -128 26 127 10 -46 127 -78 1 112 75 -6 115 100 -72 
-54 -75 -128 119 127 127 127 66 -128 127 127 31 46 1 -24 -81 -128 -128 127 127 -109 127 -82 97 -24 107 127 19 -128 -8 96 26 74 127 -71 7 127 -50 127 100 -128 118 104 127 -128 22 23 127 127 93 -18 123 -128 -20 -6 50 -4 127 -128 127 8 -128 26 127 -128 -46 127 -38 1 112 127 -6 115 127 -72 
-128 -128 -128 119 127 -128 127 66 -128 127 127 31 46 1 -24 15 -128 -128 127 127 -109 127 -89 97 -24 107 127 19 -128 -8 96 26 127 127 -71 7 127 -50 127 103 -128 118 104 127 98 22 -128 127 127 93 -18 123 -128 114 -6 50 -4 -128 127 -128 -66 -128 26 127 10 -46 127 -78 1 112 75 -6 115 127 -72 
-128 -128 -128 80 127 -128 127 66 -128 127 127 31 46 1 -24 15 -128 57 -128 127 -109 85 -82 127 -24 107 127 19 -128 -8 96 26 127 127 -71 7 127 -50 127 100 -128 118 -76 127 98 22 23 127 127 127 -128 123 -128 -20 -6 50 -4 127 -128 -78 8 -128 26 127 19 -46 127 -78 1 112 127 -6 115 127 -72 
-54 -75 -128 127 127 127 127 66 -128 127 127 31 46 1 -24 15 -128 -128 -128 127 -109 -88 -89 97 -24 107 127 19 -128 -8 96 26 127 127 -128 7 127 -50 127 100 -128 -113 104 127 -128 22 -128 127 127 93 -18 123 -128 -121 -6 50 -4 127 -128 127 -128 -128 26 -116 10 -46 127 -78 1 112 75 -6 115 127 -72 
-54 -75 127 127 127 127 127 66 -128 127 127 31 46 1 -24 -81 -128 -128 -128 127 -109 127 -82 127 -24 107 127 19 -128 -8 96 26 127 127 -71 7 127 -50 127 100 -128 118 104 127 98 32 23 127 127 -70 -18 123 -128 -87 -6 50 -4 -128 -128 -78 8 -128 26 -68 10 -46 127 -78 127 112 127 -6 115 100 -72 
-54 -75 -128 119 127 127 127 66 -128 127 127 31 -128 1 -24 15 -128 -128 -128 127 -109 85 -82 97 -24 107 127 19 -128 -8 96 26 127 127 127 7 127 -50 127 103 -128 118 104 127 127 22 -128 127 127 93 105 123 -128 -87 -6 50 -4 -128 127 127 -66 -128 26 127 10 -128 127 -78 1 112 75 -6 115 100 -72 
-54 127 -128 127 127 127 127 66 -128 127 127 31 46 1 127 15 -128 -128 -128 127 -109 127 -82 127 -24 107 127 19 -128 -8 96 26 127 127 -128 7 127 -50 -9 103 -128 118 104 127 -128 22 -128 127 127 93 -18 123 -128 -121 -6 50 -4 127 51 -78 -66 -128 26 127 -128 -46 127 -78 1 112 127 -6 115 100 -72 
-54 -128 -128 127 127 127 127 66 -128 127 127 31 46 1 -24 15 -128 -128 -128 127 -109 127 -89 97 -24 107 127 19 -128 -8 96 26 127 127 -71 7 127 -50 127 100 -128 118 104 127 98 22 -128 127 127 93 -18 123 -128 -121 -6 50 -4 127 -128 127 -128 -128 26 -122 10 -46 127 -78 1 112 127 -128 115 100 -72 
-54 -75 -128 119 -24 127 127 66 -128 127 127 31 46 1 -24 15 -128 -128 -128 127 -109 85 -89 97 -24 107 127 19 -128 -8 96 26 127 127 -71 7 127 -50 127 100 77 118 104 127 98 22 -128 127 127 93 -128 -128 -128 -20 -6 50 -4 -128 51 127 8 -128 26 127 -128 67 127 -78 127 112 75 -6 115 127 -72 
-54 -75 -128 119 127 127 127 66 -128 127 127 31 46 1 -24 15 -128 -128 127 127 -109 85 -82 -128 -24 107 127 19 -128 -8 96 26 127 127 -128 7 127 -50 127 100 -128 118 104 127 127 22 -128 127 127 93 -18 123 -128 -87 -6 50 -4 127 51 -78 -66 -128 26 127 10 -46 127 -78 127 112 75 -6 115 127 -72 
-54 -128 -128 127 127 127 127 66 -128 127 127 31 46 1 -24 15 -128 -128 127 127 -109 127 -82 67 -24 107 127 19 -128 -8 96 26 127 127 -71 7 127 -50 127 100 -86 118 104 127 -128 22 23 127 127 127 -18 123 -128 -87 -6 50 -4 -128 67 127 -66 -128 26 127 10 -46 127 -78 127 112 127 -6 115 100 -72 
-37 -128 -128 119 127 127 127 66 -128 127 127 31 -128 1 -24 15 -128 -128 -128 127 -109 -88 -82 97 -24 107 127 19 -128 -8 76 26 127 127 -128 7 127 -50 127 103 -128 118 104 127 98 22 23 127 127 93 -128 123 -128 -87 -6 50 -4 127 127 -78 8 -128 26 127 -128 -128 127 -78 127 112 127 -6 115 100 -72 
-54 -128 -128 119 127 127 127 66 -128 127 127 31 -128 1 -24 -81 -128 -128 -128 127 -109 127 -82 127 -24 107 127 19 -128 -8 96 26 127 127 -128 7 127 -50 127 100 -128 118 104 127 127 22 -128 127 127 93 -18 123 -128 -87 98 50 -4 -128 127 -78 8 -128 26 127 -128 -46 127 -78 127 112 75 -6 115 100 -72 
-54 -75 -128 119 -128 -128 127 66 -128 127 127 31 46 1 -24 -81 -128 -128 -128 127 -109 85 -82 97 -24 107 -14 -128 -128 -8 96 26 127 127 -71 7 127 -50 127 100 -128 118 -76 127 98 22 -128 127 127 -19 -128 123 -128 114 -6 50 -4 127 -128 -78 -66 -128 26 -116 10 -128 127 -78 127 112 75 -6 115 100 -72 
-128 -128 -128 127 127 127 127 66 -128 127 127 31 -128 1 -24 15 -128 -128 -128 127 -109 127 -82 97 -24 107 127 19 -128 -8 96 26 127 127 -128 7 127 -50 127 100 -128 118 104 -128 98 22 -128 127 127 93 -128 123 -128 -121 -6 50 -4 -128 -128 -78 -66 -128 26 127 10 -128 127 -78 1 112 127 -128 -21 100 -72 
-128 -75 -65 75 127 127 127 66 -128 127 118 31 46 -128 -24 -81 -128 -128 -128 127 -109 -128 -82 97 -24 107 127 19 -128 -8 96 26 127 127 -71 7 -122 -128 127 103 -128 118 104 127 127 32 -128 127 127 93 -18 123 -128 -121 -6 50 -4 127 51 -128 -128 -128 26 127 10 -128 127 -78 127 112 127 -128 115 100 -72 
-54 -128 -128 119 127 127 127 66 -128 127 127 31 46 1 -24 127 -128 -128 -128 127 -109 -88 -89 -128 -24 107 127 19 -128 -8 96 26 127 127 -128 7 127 -50 127 100 -128 118 104 127 98 22 23 127 127 93 105 123 -128 114 -6 50 -4 127 51 127 -66 -128 26 127 -128 -46 127 -78 -128 112 75 -6 115 127 -72 
-128 -75 -65 119 127 127 127 66 -128 127 127 31 46 1 -24 127 -128 -128 -128 127 -109 127 -89 -128 -24 107 127 19 -128 -8 96 26 -22 127 -71 7 127 -128 127 100 -128 118 104 127 98 22 23 127 127 93 -18 123 -128 -121 -6 50 -4 -128 127 127 -66 -128 26 127 10 -46 127 -78 1 112 127 -128 115 100 -72 
21 -75 -128 80 127 127 127 66 -128 127 127 31 -128 1 -24 15 -128 -128 127 127 -109 85 -89 127 -24 107 127 19 -128 -8 96 26 127 127 -128 7 127 -128 127 100 -128 118 104 127 127 22 23 127 127 127 -18 123 -128 -121 -6 50 -4 127 -128 -78 8 -128 26 127 10 -46 127 -78 1 112 75 -6 115 100 -72 
21 -128 -65 80 127 127 127 66 -128 127 127 31 46 1 -24 15 -128 -128 -128 127 -109 -128 -82 -128 -24 107 127 19 -128 -62 96 26 127 127 -128 7 127 -50 127 100 -128 118 104 127 -128 32 23 127 127 93 -18 123 -128 -121 -6 50 -4 -128 51 -78 -66 -128 26 -68 10 -46 127 -78 127 112 127 -6 115 100 -72 
-54 -128 -85 119 127 -128 127 66 -128 127 127 31 46 1 -24 15 -128 117 -128 127 -109 127 -82 97 -24 107 127 19 79 -8 96 26 127 127 -71 7 127 -50 127 100 -112 118 -76 127 98 22 -128 127 127 93 105 123 -128 -87 -6 50 -4 -128 -128 127 -66 -128 26 -116 10 -46 127 -78 127 112 127 -128 115 100 -72 
-54 -75 -128 127 127 127 127 66 -128 127 127 31 46 1 127 23 -128 -128 127 127 -109 -128 -89 67 -24 107 127 19 -128 -8 96 26 127 127 -71 7 127 -50 127 100 -128 118 -76 127 -128 32 23 127 127 93 -18 123 -128 -20 -6 50 -4 -128 -128 -78 -66 -128 26 -68 74 -46 127 -78 -3 112 127 -6 115 100 -72 
-54 -75 -128 80 127 -128 127 66 -128 127 127 31 46 1 -24 -81 -128 -128 -128 127 -109 -88 -89 127 -24 107 127 19 -128 -8 96 26 127 127 -128 7 127 -50 127 100 -128 118 104 127 98 32 23 127 4 93 -18 123 -128 -121 -6 50 -4 127 -128 -78 -128 -128 26 127 10 -46 127 -78 127 112 127 -6 115 100 -72 
21 -75 -85 119 127 127 127 66 -128 127 127 31 46 1 -24 15 -128 -128 127 127 -109 -128 -89 127 -24 107 127 19 -128 -8 96 26 127 127 -71 7 75 -50 127 100 -128 118 104 92 127 32 23 127 127 93 -18 123 -128 -87 -6 50 -4 127 127 -78 -66 -128 26 127 -128 127 127 -78 127 112 75 -6 115 100 -72 
-128 -75 -128 127 127 127 127 66 -128 127 127 31 -128 1 127 15 -128 -128 -128 127 -109 127 -89 127 -24 107 127 19 -128 -8 96 26 127 127 -128 7 127 -128 127 9 -128 118 104 127 -128 22 23 127 127 93 -18 123 -128 -20 -6 50 -4 127 -128 127 -66 -128 26 -68 10 -128 127 -78 -128 112 127 -6 115 127 -72 
-54 -75 -128 119 127 127 127 66 -128 127 127 31 -128 1 -24 -81 -128 -128 -128 127 -109 85 -82 97 -24 107 127 19 -128 -8 96 26 127 127 -71 -74 127 -50 127 100 -128 118 104 127 -128 22 23 127 127 93 -18 123 -128 114 -6 50 -4 -128 -128 -78 -66 -56 26 127 10 -46 127 -78 127 112 127 -6 115 100 -72 
-54 -128 -128 119 127 127 127 66 -128 127 127 31 46 97 -24 15 -128 -128 -128 127 -109 -88 -89 97 -24 107 127 19 -128 -8 96 26 127 127 -128 127 127 -50 127 100 -128 118 -76 127 127 22 23 127 127 93 105 123 -128 -87 -6 50 -4 127 -128 127 -66 -128 26 -68 10 -46 127 -78 1 112 75 -6 115 127 -72 
-54 -128 -128 119 127 127 127 66 -128 127 127 31 -128 1 -24 15 -128 -128 -128 127 -109 85 -89 97 -24 107 127 19 -128 -8 96 26 127 127 -71 7 127 -50 127 100 -128 118 91 127 127 22 -128 127 127 93 -18 123 -128 -87 -6 50 -4 127 51 127 -66 -128 26 127 10 -128 127 -78 127 112 75 -6 115 100 -72 
-54 -75 127 119 127 127 127 66 -128 127 127 31 46 1 127 15 -128 -128 -128 127 -109 127 -89 97 -24 107 127 19 -128 -8 96 26 127 127 -71 7 127 -50 127 100 -128 118 104 127 127 22 23 127 127 93 105 123 -128 -121 -6 50 -4 -128 127 127 8 -128 26 -128 10 -46 127 -78 127 112 75 -6 115 127 -72 
21 -75 127 127 127 127 127 66 -128 127 127 31 46 1 -24 -81 -128 57 127 127 -109 -128 -89 97 -24 107 127 19 -128 -8 96 26 74 127 -128 7 127 -128 127 100 -128 118 104 127 98 22 -128 127 127 93 -128 123 -128 -121 -6 50 -4 127 51 -78 8 -128 26 127 10 -46 127 -78 127 112 127 -128 115 100 -72 
-54 -128 -128 80 127 127 127 66 -128 127 127 31 46 1 -24 15 -128 -128 -128 127 -109 85 -82 127 52 107 5 19 -128 -8 96 26 127 127 -128 7 127 -50 127 100 -128 118 104 92 127 22 23 127 127 93 -18 123 -128 114 -6 50 -4 -128 -128 127 -66 -128 26 -116 10 -46 127 -78 1 112 127 -6 115 127 -72 
-54 -75 -65 119 127 127 127 66 -128 127 127 31 -128 1 127 15 -128 -128 -128 127 -109 127 -82 127 -24 107 127 19 -128 -8 96 26 127 127 -71 -128 127 -50 127 100 -86 118 104 127 127 22 -128 127 127 93 -18 123 -128 -87 -6 50 -4 127 -128 127 -66 -128 26 127 -128 -46 127 -78 127 112 127 -128 115 127 -72 
-54 -75 -128 119 127 127 127 66 -128 127 127 31 -128 1 127 -81 -128 -128 127 127 -109 127 52 97 -24 27 127 19 -128 -8 96 26 127 127 -71 7 127 -50 127 103 -128 118 104 92 98 22 23 127 127 93 -128 123 -128 -121 -6 50 -4 127 127 127 -66 -128 26 127 10 -46 127 -128 127 112 127 -6 115 127 -72 
-54 -75 -128 119 127 127 127 66 -128 127 127 29 46 1 -24 -81 -128 -128 -128 127 -109 127 -82 97 -24 107 127 19 -128 -8 96 26 127 127 -71 7 127 -50 127 100 -128 118 104 127 98 22 -128 127 127 93 -18 123 -128 -121 -6 50 -4 127 -128 -78 -66 -128 26 127 10 -46 127 -78 127 112 127 -6 115 100 -72 
-54 -75 -128 127 127 127 127 66 -128 127 127 31 46 1 -24 15 -128 -128 -128 127 -109 -128 -89 127 -24 107 -67 19 -128 78 96 26 127 127 -128 7 127 -50 127 100 -128 118 -76 92 -128 22 -128 127 127 93 -18 123 -128 -121 -6 50 -4 -128 51 -78 8 -128 26 127 10 -46 127 -78 1 112 75 -6 115 100 -72 
-54 -128 -65 127 127 127 127 66 -128 127 127 31 46 1 -24 15 -128 57 -128 127 -109 127 -82 67 -24 107 127 19 -128 -8 96 26 127 127 -71 -47 127 -50 127 100 -128 118 104 92 98 22 23 127 127 93 -128 123 -128 -121 -6 50 -4 -128 -128 -128 -66 -128 26 127 10 -128 127 -78 127 112 127 -6 115 100 -72 
-54 -128 50 127 127 127 127 66 -128 127 127 31 46 1 -24 127 -128 -128 127 127 -109 127 -89 -128 -24 107 127 19 -128 -8 96 26 127 127 -71 7 127 -50 127 100 -128 118 104 127 127 22 127 127 127 93 -18 123 -128 -121 -6 50 -4 -128 -128 127 8 -128 26 127 10 -46 127 -78 1 112 127 -6 115 100 -72 
-54 -128 -128 127 127 127 127 66 -128 127 127 31 -128 1 127 15 -128 -128 127 127 -109 127 -89 97 -24 107 127 19 -128 -8 96 26 74 127 -71 7 127 -128 127 103 -128 118 104 127 127 32 -128 127 127 93 105 123 -128 -87 -6 50 -4 -128 51 127 8 -128 26 127 10 -46 127 -78 1 112 127 -6 115 100 -72 
-128 -128 -128 127 127 127 127 66 -128 127 127 -128 -128 1 127 127 -128 -128 -128 127 -109 -128 127 97 -24 107 127 19 53 -8 96 26 127 127 -71 -128 127 -50 127 100 -128 118 104 92 98 22 -128 127 127 93 -128 123 -128 -121 -6 50 -4 -128 127 -128 -66 -128 26 127 -128 -46 127 -78 1 112 127 -6 115 100 -72 
-54 -128 127 119 127 127 127 66 -128 127 127 31 -128 1 -24 15 -128 57 127 127 -109 -88 -82 -1 -24 107 127 19 -128 -8 96 26 127 127 -71 7 88 -50 127 103 -128 118 104 127 98 22 23 127 127 93 -128 123 -128 -87 -6 50 -4 127 -128 127 -66 -128 26 127 -128 -128 127 -78 1 112 127 -6 115 127 -72 
-54 -75 -128 127 127 127 127 66 -128 127 127 31 -128 1 -24 -81 -128 -128 -128 127 -109 85 -89 127 -24 107 127 19 -128 -8 96 26 127 127 -128 7 127 88 127 100 -128 118 104 92 98 22 -128 127 127 93 105 123 -128 -87 -6 50 -4 127 -128 127 8 -128 26 -116 10 -128 127 -78 127 112 127 -6 115 127 -72 
