100 100
-15 127 -3 -96 127 -120 -128 16 127 84 93 -128 -65 127 -108 -66 -128 -64 22 -128 121 -128 33 -5 25 117 -84 16 -128 -128 127 30 -128 127 -128 -63 36 30 127 127 127 -128 127 17 -128 127 55 -35 -32 -128 -121 -15 127 20 127 127 14 34 -128 -128 -80 -107 -82 127 -91 30 -128 6 95 25 24 -53 113 -128 12 
-15 127 -3 -96 127 -120 -128 16 127 -128 93 -128 -65 127 -108 -66 -128 -128 22 -128 121 -128 33 -5 25 127 -84 16 -128 -128 127 30 -128 127 -128 -63 36 30 -37 22 118 -128 127 17 -128 127 55 -35 -32 -128 -121 -15 53 20 127 127 14 34 -128 -128 -80 -107 -82 -128 -91 30 -128 6 127 25 24 -53 113 -59 12 
-15 127 -3 -57 127 -128 -128 16 -85 84 93 -128 -65 127 -108 -66 -128 -128 22 -128 127 -128 33 -5 25 117 -84 16 -128 -128 127 30 -128 127 -13 -63 36 30 -37 127 127 -128 127 39 -128 127 55 -35 -118 -128 -121 -15 127 20 127 127 14 34 48 -128 -80 -50 -128 -128 -91 30 -128 6 -128 25 98 -53 113 -59 12 
-15 127 -3 -96 -35 -120 -128 16 127 84 127 -128 -65 127 -108 -128 -128 -64 22 -128 127 -128 27 -5 25 117 -84 16 -128 -128 127 30 -128 127 -128 -63 36 30 -37 127 127 -128 127 17 -121 127 55 -35 -32 -128 -121 -15 127 20 127 127 14 34 -128 -128 -80 -32 -128 127 -91 30 -35 6 95 25 24 -53 113 -59 12 
-15 127 -3 -96 -35 -120 -128 16 127 -128 35 -128 -65 127 -108 -66 -128 -128 22 -128 121 -128 33 -5 25 117 -84 16 -128 -128 127 30 -128 127 -128 -63 36 30 -37 127 127 -128 127 17 -121 127 55 -35 -118 -128 -121 -15 127 20 127 127 14 34 -128 -128 -80 -50 -82 -128 -128 30 -35 6 127 25 24 -53 113 -128 12 
-15 127 -3 -57 -128 -120 -128 16 127 84 93 -128 -65 127 -108 43 -128 -64 22 -128 127 -128 33 -5 25 117 -84 16 -128 -128 127 30 -128 127 -128 -63 36 -61 127 127 118 -128 127 17 -128 127 55 -35 -32 -128 -121 -15 127 20 127 127 14 34 -128 -128 -80 -32 -82 -128 -128 30 -128 6 -128 25 24 -53 113 -59 12 
-89 127 -3 -57 127 -120 -128 16 127 -128 35 -128 -65 127 -108 -66 -128 -128 22 -128 118 -128 33 -5 25 117 -84 16 -128 127 127 30 -128 127 -128 -63 36 30 127 127 118 -128 127 17 -128 127 55 -35 -32 -128 -121 -15 127 20 127 127 14 34 48 -128 -80 -107 10 -128 -128 30 -128 6 -128 25 24 -53 113 -128 12 
-15 127 -3 -96 -35 -120 -128 16 127 -128 93 -128 -65 127 -108 -66 -128 -64 22 -128 127 -128 33 -5 25 117 -84 16 -128 -128 127 30 -128 127 -128 -63 36 30 127 127 -76 -128 127 17 -128 127 55 -35 -32 -128 -121 -15 127 20 127 127 14 34 -128 -128 -80 -32 -82 -128 -128 127 -128 6 127 25 24 -128 113 -59 12 
-15 -128 -3 -96 127 -128 -128 -128 127 -128 93 -128 -65 127 -108 -57 -128 -64 22 -128 121 -128 33 -5 25 117 -128 16 -128 -128 127 30 -128 127 -128 -63 36 30 127 22 118 -128 127 17 -121 127 55 -35 -32 -128 -121 -15 127 20 127 127 14 34 -128 -128 -80 -32 -128 -128 -91 30 -35 6 127 25 24 -53 113 -128 12 
-15 127 -3 -96 127 -120 -128 109 127 84 93 -128 -65 127 -108 -66 -128 -64 22 -128 127 -128 33 -5 25 117 -84 16 -128 -128 127 30 -128 127 -128 -63 36 30 -37 22 -76 -128 127 17 -128 127 55 -51 -118 -128 -121 -15 127 20 127 127 14 34 48 -128 -80 -32 -82 -125 -91 30 -128 6 -128 25 98 -128 113 -59 -99 
-15 -128 -3 -96 -35 -128 -128 16 127 -128 35 -128 -65 127 -108 -66 -128 -128 22 -128 127 -128 33 -5 25 117 -84 49 -128 127 127 30 -128 127 -128 -63 36 30 127 8 -128 -128 127 17 -128 127 55 -35 -32 -128 -121 -15 0 20 127 127 9 34 48 -128 -80 -107 -82 -128 -128 30 -128 6 -128 25 24 -53 113 -59 12 
-15 127 -3 -96 127 -128 -128 16 127 -128 93 -128 -65 127 -108 43 -128 -64 22 -128 127 -128 33 -5 25 117 -84 16 -128 -128 127 30 -128 127 -128 -63 36 30 127 22 127 -128 127 17 -128 127 55 -35 -32 -128 -121 -15 0 20 127 127 14 34 -128 -128 51 -107 -128 -128 -91 30 -128 6 127 25 24 -53 113 -128 -58 
-15 127 127 -96 -35 -128 -128 16 127 -128 93 -128 -65 127 -108 127 -128 -64 22 -128 127 -128 33 -5 25 117 -128 16 -128 -128 127 30 -128 127 -128 -63 36 30 127 127 118 -128 127 17 -121 127 55 -35 -32 -128 -121 -15 0 20 127 127 14 34 48 -128 -128 -128 -128 -128 -128 30 -128 6 -128 25 24 -53 113 -59 12 
-15 127 127 -96 -35 -128 -128 16 127 84 93 -128 -65 127 -108 43 -128 -128 22 -128 121 -128 27 -5 25 127 -128 16 -128 -128 127 30 -128 127 -128 -63 36 30 127 127 118 -128 127 17 -121 127 55 -35 -32 -128 -121 -15 127 20 127 127 14 -128 -128 -128 -80 -32 -82 -128 -128 30 -35 6 -128 25 24 -53 113 -59 12 
-15 127 -3 -96 127 -120 -128 7 127 84 93 -128 -65 127 -108 43 -128 -128 22 -128 127 -128 33 -5 25 117 -84 16 -128 -128 127 30 -128 127 -128 -63 36 30 -128 127 118 -128 127 17 -128 127 55 -35 -118 -128 -121 -15 0 20 127 127 14 34 48 -128 -128 -32 -82 -128 -91 30 -128 6 -128 25 24 -53 113 -128 12 
-89 127 127 -96 127 -128 -128 7 127 84 93 -128 -65 127 -108 -66 -128 -64 22 -128 121 -128 33 -5 25 117 -84 16 -128 -128 127 -12 127 127 -128 -63 36 30 127 50 -76 -128 127 17 -128 127 55 -35 -32 -128 -121 -15 0 20 127 127 14 34 48 -128 -80 -32 -82 -128 -128 30 -128 6 -128 25 24 -53 113 -59 12 
-15 127 -3 -96 -35 -120 -128 16 127 -128 93 -128 -65 127 -108 127 -128 -128 22 -128 121 -128 33 -5 25 117 -84 16 -128 -128 127 30 -128 127 -128 -63 36 30 127 127 118 -128 127 17 -128 127 55 -35 -32 -128 -121 -15 127 20 127 127 14 34 -22 -128 -80 -107 -82 -128 -128 30 -128 6 127 25 24 -53 113 -59 12 
-15 127 127 -96 127 -120 -128 16 127 -128 93 -128 -65 127 -33 127 -128 -128 22 -128 127 -128 33 -5 25 117 -84 16 -128 -128 127 30 -128 59 -128 -63 36 30 127 127 118 -128 127 17 -128 127 -128 -35 -32 -128 -121 -15 -128 20 127 127 14 34 -128 -128 -80 -32 -82 127 -91 30 -128 6 -128 25 24 -53 113 -128 12 
-15 -128 127 -96 -35 -128 -128 16 127 -128 93 -128 -65 127 -33 43 -128 -64 22 -128 127 -128 33 -5 25 117 -84 99 -128 -128 127 30 -128 127 -128 -63 36 30 127 22 118 -128 127 17 -121 127 55 -35 -32 -128 -121 -15 127 20 127 127 14 34 48 -128 -80 -32 -82 -128 -128 30 -128 6 -128 25 24 -53 113 -59 12 
-15 127 -3 -96 127 -120 -128 16 127 -128 93 -128 -65 127 -108 -128 -128 -64 22 -128 118 -128 33 -5 25 117 -84 16 -128 -128 127 30 -128 127 -128 -63 36 30 -128 127 -76 -128 127 17 -121 127 55 -35 -32 -128 -121 -15 127 20 127 127 14 34 23 -128 -128 -107 -82 -128 -91 30 -128 6 -128 25 24 -53 113 -59 12 
-15 127 -3 -96 127 -120 -128 16 127 84 93 -128 -65 127 -108 -66 -128 -64 22 -128 127 -128 33 -5 25 117 -84 16 -128 -128 127 30 -128 127 -128 -63 36 30 127 22 118 -128 127 17 -128 127 55 -35 -32 -128 -121 -15 127 20 127 127 14 34 48 -128 -80 -32 -82 -128 127 30 -128 6 95 25 24 -53 113 -59 12 
-89 -128 -3 -96 -35 -120 -128 16 127 84 93 -128 -65 127 -108 -66 -22 -128 22 -128 127 -128 33 -5 25 117 -128 16 -128 -128 127 30 -128 127 -128 -63 36 30 127 127 127 -128 127 17 -128 127 55 -35 -118 -128 -32 -15 53 20 127 -117 14 34 48 -128 -80 -32 -82 -128 -128 30 -128 6 -128 25 24 -128 113 -59 12 
-15 127 -3 -96 -35 -128 -128 16 127 84 93 -128 -65 127 -108 -66 -128 -64 127 -128 121 -128 33 -5 25 117 -74 16 -128 -128 127 30 -128 127 -128 -63 36 30 -128 127 118 -128 127 17 -128 -41 55 -35 -118 -128 -121 -15 127 20 127 127 14 34 -128 -128 -80 -32 -128 -128 -91 30 -128 6 -128 25 24 -128 113 -59 12 
-15 -128 -3 -96 -35 -120 -128 16 127 84 35 -128 -65 127 -108 127 -128 127 22 -128 121 -128 33 -5 25 117 -128 16 -128 -128 127 30 -128 127 -128 -63 36 -61 127 127 118 -128 127 17 -128 127 55 -35 -32 -128 103 -15 0 20 127 127 14 34 -128 -128 -80 -32 -128 -128 -91 30 -128 6 -128 25 24 -53 113 -59 12 
-15 127 -3 -96 -35 -120 -128 16 127 -128 93 -128 -65 127 -108 -66 -128 -128 22 -128 127 -128 33 -5 25 117 -84 16 -128 -128 127 30 -128 127 -128 -63 36 30 127 22 118 -128 127 17 -128 127 55 -35 -32 -128 -121 -15 0 20 127 127 14 34 48 -128 -80 -107 -128 -128 -128 30 -128 6 127 25 24 -53 113 -59 12 
-15 127 -3 -96 -35 -128 -128 16 127 -128 35 -128 -65 127 -108 -128 -128 -128 22 -128 127 -128 33 -5 25 117 -84 16 -128 -128 127 30 -128 127 -128 -63 36 30 -37 127 127 -128 127 17 -128 127 55 -35 -118 -128 -121 -15 127 20 127 127 14 34 48 -128 -80 -107 -128 -128 -91 30 -128 6 -128 25 24 -53 113 -128 12 
-15 -128 -3 -96 -35 -128 -128 16 127 84 93 -128 -65 127 -108 -66 -128 -64 22 -128 127 -128 33 -5 25 117 -84 16 -128 -128 127 30 88 127 -128 -63 36 -61 127 127 118 -128 127 17 -121 127 55 -35 -32 -128 -121 -128 127 20 127 127 14 34 48 -128 -80 -107 -128 -128 -91 30 -128 6 -128 25 24 -53 113 -59 12 
-15 127 -3 -96 -35 -120 -128 16 127 84 93 -128 -65 127 -108 -66 -128 -64 8 -128 121 -128 27 -5 25 117 -84 127 -128 -128 127 30 -128 127 -128 -63 36 30 127 -128 118 -128 127 17 127 127 55 -35 -32 -128 -121 -15 127 20 127 127 14 34 48 -128 -80 -107 -128 -128 -128 30 -128 127 127 25 24 -53 113 -59 12 
-15 -128 127 -96 -35 -120 -128 16 127 -128 35 -128 -65 127 -33 -66 -128 -64 22 -128 121 -128 33 -5 25 117 -84 16 -128 -128 127 30 -128 127 -128 -63 36 30 127 127 127 -128 127 17 -128 127 55 -35 -32 -128 -121 -15 0 20 127 127 14 34 -128 -128 -80 -50 -128 -128 -128 30 -128 6 127 25 24 -53 113 -128 12 
-89 127 127 -96 127 -128 -128 16 127 -128 93 -128 -65 127 -108 -74 -128 -64 22 -128 121 -128 33 -5 25 117 -84 16 -128 -128 127 30 -128 127 -128 -63 36 30 127 -128 127 -128 127 17 -128 127 55 -35 -118 -128 -121 -15 0 20 127 127 14 34 48 -128 -80 -32 -128 -128 -91 30 -128 6 127 25 24 -53 113 -59 12 
-15 127 -3 -96 -35 -128 -128 7 127 84 93 -128 -65 127 -108 43 -128 -128 22 -128 127 -128 27 -5 25 -5 -84 16 -128 -128 127 30 -128 127 -128 -63 36 30 127 127 118 -128 127 17 -121 127 55 -35 -32 -128 -121 -15 127 20 127 127 14 34 -128 -128 -80 -107 -128 -128 -91 30 -128 6 127 25 24 -128 113 -59 12 
-15 127 127 -96 127 -120 -128 16 127 -128 93 -128 -65 127 -108 -66 -128 -128 22 -128 121 -128 33 -5 25 117 -84 16 -128 -128 127 30 -128 127 -128 -63 36 30 127 22 118 -128 127 17 -121 127 -128 -35 -118 -128 -121 -15 0 20 127 127 14 34 -128 -128 -80 -128 -128 -128 -91 30 -128 6 127 25 24 -53 113 -59 12 
-15 127 -3 -96 -35 -128 -128 16 127 -128 93 -128 -65 127 -108 43 -128 -128 22 -128 127 -128 33 -5 25 117 -84 16 -128 -128 127 30 -128 127 -128 -63 36 30 -37 22 127 -128 127 17 -128 127 55 -35 -32 -128 -121 -15 127 20 127 127 14 34 -128 -128 -128 61 -128 -128 -128 30 -128 6 127 25 24 -53 113 -59 12 
-15 127 127 -96 -35 -120 -128 16 127 -128 93 -128 -65 127 -108 -66 -128 -64 22 -128 121 -128 33 -5 25 117 -84 16 -128 -128 127 30 -128 127 -128 -63 36 30 127 22 118 -128 127 17 -128 127 55 -35 -118 -128 -121 -15 127 20 127 -128 14 34 48 -128 -80 -128 -128 -128 -128 30 -128 6 127 25 24 -53 113 -59 12 
-15 127 127 -96 -35 -120 127 16 -85 -128 93 -128 -65 127 -108 -128 -128 -64 22 -128 127 -128 27 -5 25 117 127 16 -128 -128 127 30 -128 127 -128 -63 36 30 127 22 118 -128 127 17 -127 127 55 -35 -32 -128 -121 -15 127 20 127 127 14 34 48 -128 -80 -128 -128 105 -128 30 -128 6 -128 25 24 -53 113 -59 12 
-15 127 127 -57 -35 -128 127 16 127 -128 93 -128 -65 127 -108 -66 -128 -64 22 -128 127 -128 33 -5 25 117 -84 52 -128 -128 127 30 -128 127 -128 -63 36 30 -37 22 118 -128 127 17 -121 127 55 -35 -32 -128 -121 -15 127 20 127 127 14 34 48 -128 -128 -32 -128 127 -91 30 -128 6 127 25 24 -53 113 -59 12 
-15 127 127 -57 127 -120 -128 16 127 84 93 -128 -65 127 -108 -66 -128 -128 127 -128 127 -128 33 -5 25 117 -84 16 -128 -128 127 30 -128 127 -128 -63 36 30 127 96 -128 -128 127 17 -121 127 55 -35 -118 -128 -121 -15 53 20 127 127 14 -119 48 -128 -80 -107 -128 -128 -128 30 -128 6 95 25 24 -53 113 -59 12 
-15 127 -3 -96 127 -128 -128 16 127 -128 93 -128 -65 127 127 127 -128 -64 22 -128 118 -128 33 -5 25 117 -84 16 -128 -128 127 30 -128 127 -128 -63 36 30 -37 127 118 -128 127 17 -121 127 55 -35 -32 -128 -121 -15 0 20 127 127 14 34 48 -128 -80 -50 -82 -128 -91 30 -35 6 127 25 24 -94 113 -59 12 
-15 127 127 -96 127 -120 -128 16 -85 -128 93 -128 -65 127 -108 -128 -128 -128 22 -128 121 -128 33 -5 25 117 -84 16 -128 -128 127 30 -128 127 -128 114 36 30 127 -128 -76 -128 127 17 -128 127 127 -35 -118 -128 -121 -15 53 20 127 127 14 34 -128 -128 -128 -32 -128 -128 127 30 -128 6 95 25 24 -53 113 -59 12 
-15 -128 -3 -96 -35 -120 -128 16 127 84 93 -128 -65 127 -108 -128 -128 -128 22 -128 127 63 27 -5 25 117 -84 16 -128 -128 127 30 -128 127 -128 -63 36 30 127 -128 127 -128 127 17 -121 127 55 -35 -118 -128 -121 -15 127 20 127 127 14 34 -128 -128 -80 -32 -128 -128 -128 30 -128 6 -128 25 24 11 113 -128 12 
-89 127 127 -96 -35 -120 -128 16 -85 -128 93 -128 -65 127 -33 -66 -128 -128 22 -128 121 -128 33 -5 25 117 -84 16 -128 -128 127 30 -128 127 -128 -63 36 30 -37 127 118 -128 -128 17 -121 127 55 -35 -118 -128 -121 -15 127 20 127 127 14 34 48 -128 -80 -128 -128 -128 -128 30 -128 6 95 25 24 -53 113 -59 12 
-89 127 -3 -96 -128 -120 -128 16 127 84 46 -128 -65 127 -108 -66 -128 26 22 -128 127 -128 33 -5 25 117 -84 16 -128 -128 127 30 -128 127 -128 -63 36 30 -37 127 -128 -128 127 17 -121 127 55 -35 -118 -128 -121 -15 53 20 -128 127 14 34 -128 -128 -80 -128 -82 -128 -128 30 -35 6 127 25 24 -53 113 -59 12 
-89 127 -3 -96 -35 -128 -128 16 127 -128 93 -128 -65 127 -108 127 -128 -64 22 -128 121 -128 33 -5 25 117 -84 16 -128 -128 127 30 -128 -55 -128 -63 36 30 -37 22 -128 -128 127 17 -128 127 55 -35 -32 -128 -121 -15 53 20 127 127 14 34 -128 -128 -80 -107 -82 -128 -128 30 -128 6 -128 25 24 -53 -50 -59 12 
-89 127 -3 -57 127 -128 -128 16 127 84 93 127 -65 127 -33 127 -128 -128 22 -128 121 -95 33 -5 -128 117 -84 16 -128 -128 127 30 -128 127 -128 -63 36 30 127 127 118 -128 127 17 -128 127 55 -35 127 -128 -121 -15 0 20 127 127 14 34 -128 -128 -80 -128 -82 127 -128 30 -128 6 95 25 98 -53 113 -128 12 
-15 127 127 -96 -35 -120 -128 7 127 -128 93 -128 127 -16 -108 -128 -128 -64 22 -128 127 -128 33 -5 25 117 -128 16 -128 -128 127 30 -128 127 -128 -120 36 30 127 127 118 -128 127 17 -128 127 127 -35 -32 -128 -121 -15 -128 20 127 127 14 34 -128 -128 -80 -32 -82 -128 -91 30 -35 6 -128 25 24 -128 113 -59 12 
-15 127 -3 -96 -35 -128 -128 16 127 84 93 -128 -65 127 -108 127 -128 -64 22 -128 127 127 33 -5 25 117 -84 16 -128 -128 127 30 -128 127 -128 -63 36 30 -37 127 127 -128 127 17 -128 16 55 -35 -32 -128 -121 -15 127 20 127 127 14 34 48 -128 -80 -50 -82 127 -91 30 -128 6 -128 25 24 -53 113 -59 12 
-15 127 -3 -96 -35 -120 -128 16 127 84 93 -128 -65 127 -33 127 -128 -64 22 -128 121 -128 33 -5 25 117 -84 16 -128 -128 127 30 -128 127 -128 -63 36 30 127 127 127 -128 127 17 -128 127 55 -35 -32 -128 -121 -15 127 20 127 127 14 34 48 -128 -80 -50 -128 -128 -128 30 -128 6 95 25 24 -53 113 -59 12 
-15 127 127 -96 -35 -120 -128 16 -85 84 93 -128 -65 127 -108 -66 -128 -128 22 -128 127 -128 33 -5 -128 127 -84 16 -128 -128 127 30 -128 127 -128 -63 36 30 -37 -128 118 -128 127 17 -128 127 55 -35 -32 -128 -121 -15 127 20 127 127 14 34 -128 -128 -80 -128 -128 127 -91 -128 -128 6 -128 25 98 -53 113 -128 12 
-15 127 127 -96 127 -120 -128 16 -85 -128 93 -128 -65 127 -108 127 -128 -64 22 -128 127 -128 33 -5 25 127 -84 16 -128 -128 127 30 -128 127 -128 -63 36 30 127 127 -76 -128 127 17 -128 127 55 -35 -68 -128 -121 -15 53 20 127 127 14 34 -128 -128 -80 -50 -128 127 -128 30 -128 6 -128 25 24 -128 113 -59 12 
-15 7 127 -96 -35 -128 -128 16 127 -128 93 -128 -65 127 -108 -66 -128 -128 -128 -128 121 -128 33 -5 25 117 -128 16 -128 -128 127 30 -128 127 -128 -63 36 -61 -37 127 127 -128 127 17 -121 127 55 -35 -32 -128 -121 -128 127 20 127 127 14 34 48 -128 -80 -50 -128 127 -128 30 -128 6 127 25 24 -53 113 -128 12 
-15 127 127 -96 127 -120 -128 16 127 -128 93 -128 -65 127 -108 -66 -128 -64 22 -128 118 -128 33 -5 25 117 -84 16 -128 -128 127 30 -128 127 -128 -63 36 30 127 127 118 -128 127 17 -121 127 55 -35 -118 -128 115 -15 0 20 127 127 14 34 48 -128 -80 -128 -128 -128 -91 30 -128 6 -128 25 98 -53 113 -59 12 
-15 127 -3 -57 -35 -120 -128 16 127 84 93 -128 -65 127 -108 -66 -128 -64 22 -128 127 -128 33 127 25 117 -84 16 -128 -128 127 30 -128 127 -128 -63 36 -61 -37 22 -76 -128 127 17 -121 127 55 -35 -32 -128 -121 -15 0 20 127 127 14 34 -128 -128 -80 -32 -82 -128 -128 30 -128 6 -128 25 24 -53 113 -128 12 
-89 127 127 -96 -35 -128 -128 16 127 -128 35 -128 -65 127 -108 43 -128 -64 22 -128 127 -128 127 -5 25 127 -84 16 -128 -128 127 30 -128 127 -128 -63 36 -61 127 127 -76 -128 127 17 -121 127 55 -35 -32 -128 -121 -15 127 20 127 127 14 34 -128 -128 -80 -32 -82 -128 -91 30 -128 6 95 55 24 -53 113 -59 12 
-15 127 127 -96 -35 -120 -128 7 -14 -128 93 -128 -65 127 -108 127 -128 -64 22 -128 121 -128 -128 -5 25 117 -84 16 -128 -128 127 30 -128 127 -128 -63 36 30 -37 22 118 -128 127 17 -128 127 55 -35 -32 -128 -121 -15 127 20 127 127 14 34 48 -128 -80 -107 -82 -128 -128 30 -128 6 -128 25 24 -53 113 -59 12 
-15 127 -3 -96 -35 -128 -128 16 -85 -128 93 -128 -65 127 -108 127 -128 -64 -128 -128 118 -128 33 -5 25 117 -84 16 -128 -128 127 30 -128 127 -128 -63 36 30 127 127 127 -128 127 17 -121 127 55 -35 -32 -128 -121 127 0 20 127 127 14 34 -128 -128 -80 -32 -128 -128 -128 30 -128 6 -128 25 24 -128 113 -128 12 
-15 127 127 -96 -35 -128 -128 16 -85 84 93 -128 -65 127 -108 -128 -128 -64 22 -128 127 -128 91 -5 25 117 -84 16 -128 -128 127 30 -128 127 -128 -63 36 30 -37 127 118 -128 127 17 -121 127 55 -35 -32 -128 -121 -15 127 113 127 127 14 34 -128 -128 -80 -50 -128 -128 -128 30 -128 6 95 25 98 -53 113 -59 12 
-15 127 127 -96 127 -120 -128 16 127 84 35 -128 -65 127 -108 127 -128 -64 22 -128 127 -128 27 -5 25 117 -84 16 -128 -128 127 30 -128 127 -128 -63 36 30 127 127 -128 -128 127 17 -128 127 55 -35 -118 -128 -121 -15 127 20 127 127 14 34 48 -128 -80 -32 -82 -128 -91 30 -128 6 -128 25 79 -53 113 -59 12 
-15 127 -3 -96 127 -128 -128 16 127 84 93 -128 -65 127 -108 -128 -128 -64 22 -128 127 -128 33 -5 25 117 -84 16 -128 -128 127 30 -128 127 -128 -63 36 30 -37 127 127 -128 127 17 -128 127 55 -35 -32 -128 -121 -15 127 20 127 127 14 34 48 -128 -80 -32 -82 -128 -91 30 -128 6 95 25 24 -53 113 -128 12 
-15 127 -3 -96 127 -128 -128 16 127 84 93 -128 -65 127 -108 -66 -128 -64 22 -128 121 -128 33 -5 25 117 -84 121 -128 -128 127 30 -128 127 -128 -63 36 30 -37 127 118 -128 127 17 -128 127 55 -35 -32 -128 -121 -15 127 20 127 127 14 34 -128 -128 -80 -50 -82 127 -91 30 -128 6 127 25 24 -53 113 -59 12 
-15 127 -3 -96 127 -120 -128 16 127 84 93 -128 -65 127 -108 -66 -128 -64 22 -128 127 -128 33 -5 25 117 -128 16 -128 -128 127 30 -128 127 -128 -63 36 30 127 127 118 -128 127 17 -121 127 55 -35 -32 -128 -121 -15 0 20 127 127 14 34 -128 -128 -80 -107 -128 127 -91 30 -128 6 127 25 24 -53 113 -59 12 
-15 127 127 -96 -35 -120 -128 16 127 -128 93 -128 -65 127 -108 -66 -128 -128 22 -128 127 -128 33 -5 25 117 -84 16 -128 -128 127 30 -128 127 -128 -63 36 -61 127 127 118 -128 127 17 -128 127 55 -35 -118 -128 -121 -15 127 20 127 127 14 34 -128 -128 -80 -128 -82 -128 -128 30 -128 6 127 25 24 -128 113 -128 12 
-15 127 -3 -57 127 -120 -128 16 127 -128 127 -128 -65 127 -108 -66 -128 41 22 -128 121 -128 33 -5 25 117 127 16 -128 -128 127 30 -128 127 -128 -63 36 30 -37 -128 -76 -128 127 17 -121 127 55 -35 -32 -128 -121 -15 127 20 127 127 14 34 48 -128 -80 -32 -21 -128 -91 30 -128 6 -128 25 24 -53 113 -128 12 
-15 127 -3 -96 -35 -128 -128 16 127 84 93 -128 -65 127 -108 -66 -128 -64 22 -128 127 -128 33 -5 25 117 -84 16 -128 -128 127 30 -128 127 -128 -63 36 30 -37 22 127 -128 127 17 -121 127 55 -35 -32 -128 -121 -15 0 20 127 127 127 34 48 -128 -80 -32 -128 -128 -128 30 -128 6 127 25 24 -53 113 -59 12 
-89 127 -3 -96 -35 -128 -128 16 127 84 93 -128 -65 -128 -108 127 -128 -128 22 -128 127 -128 27 -5 25 117 -84 16 -128 -128 127 30 -128 127 -128 -63 36 30 127 127 127 -128 127 17 -128 127 55 -35 -32 -128 -121 -15 127 20 127 127 14 34 48 -128 -128 -50 -128 -128 -128 30 -128 6 -128 25 24 -53 113 -59 12 
-89 127 -3 -96 127 -120 -128 16 127 84 93 -128 -65 127 -108 -66 -128 -128 22 -128 127 -128 33 -5 25 117 -84 16 -128 -128 127 30 -128 127 -128 -63 36 30 127 -128 -76 -128 127 17 -128 127 55 -35 -118 -128 -121 -15 127 20 127 127 14 34 48 -128 127 -32 -82 -128 -128 30 -128 6 127 25 24 -53 113 -128 12 
-15 127 -3 -96 127 -120 -128 7 127 84 93 61 -65 127 -108 -66 -128 -64 22 -128 118 -128 33 -5 25 117 -84 16 -128 -128 127 30 -128 127 -128 -63 36 30 127 22 127 -128 127 17 -121 127 55 -35 -118 -128 -121 -15 0 20 127 127 14 34 48 -128 -80 -50 -128 -128 -91 30 -128 6 -128 25 24 -53 113 -59 12 
-15 127 -3 -96 -35 -120 127 16 -85 84 93 -128 -65 127 -33 -66 -128 -115 22 -128 127 -128 33 -5 25 117 -128 16 -128 -128 127 30 -128 127 -128 -63 36 -61 -128 127 -128 -128 127 17 -121 127 55 -35 -118 -128 -121 -15 0 20 127 127 14 34 48 -128 -80 -50 -82 -128 -91 30 -128 6 -128 25 24 -53 113 -128 12 
-15 127 127 -96 127 -120 -128 16 127 -128 35 -128 -65 127 -108 43 -128 -64 22 -128 127 -128 33 -5 25 117 -84 16 -128 -128 127 30 -128 127 -128 -63 36 30 127 127 127 -128 127 17 -121 127 55 -35 -118 -128 -121 -15 127 20 127 127 14 34 -128 -128 -80 -107 -128 -128 -91 30 -128 6 95 25 24 -53 113 -59 12 
-15 127 127 -96 -35 127 -128 16 127 84 93 -128 -65 127 -33 -66 -128 -128 22 -128 127 -128 127 -5 25 127 -84 16 -128 -128 127 30 -128 127 -128 -63 36 -61 -128 22 118 -127 127 17 -121 127 55 -35 -32 -128 -121 -15 127 20 127 127 14 34 -128 -128 -80 -50 -128 127 -91 30 -128 6 -128 25 24 -53 113 -59 12 
-15 127 -3 -96 127 -128 -128 16 -85 84 93 -128 -65 127 -108 43 -128 -128 22 -128 127 -128 33 -5 25 117 -84 16 -128 -128 127 30 -128 127 -128 -63 36 30 127 127 118 -128 127 17 -128 127 55 -35 -118 127 -121 -15 119 20 127 127 14 34 -128 -128 -80 -128 -82 -128 -91 30 -128 127 127 25 24 -53 113 -59 12 
-15 127 127 -96 -35 -120 -128 16 127 -128 93 -128 -34 127 -108 127 -128 -64 22 -128 127 -128 33 -5 25 127 -128 16 -128 -128 127 30 -128 127 -128 -63 127 30 127 127 118 -128 127 17 -128 127 55 -35 -118 -128 -121 -15 53 20 127 127 14 71 48 -128 -80 -128 -128 -128 -128 30 -128 6 95 25 24 -53 113 -59 12 
-15 127 -3 -96 127 -120 -128 16 -85 -128 93 -128 -65 127 -108 -66 -128 -128 22 -128 121 -128 33 -5 25 117 -84 16 -128 -128 127 30 -128 127 -128 -63 36 30 127 127 118 -128 127 17 -128 127 55 -35 -32 -128 -121 -15 127 20 127 127 14 34 -128 -128 -80 -107 -128 -128 -128 -128 -35 6 95 25 24 -53 113 -128 12 
-15 127 127 -96 127 -120 -128 16 127 -128 93 -128 -65 127 -108 -66 -128 -128 22 -128 127 -128 33 -5 25 117 -84 16 -128 -128 127 30 -128 127 -128 -63 36 30 127 -128 127 -128 127 17 -121 127 55 -35 -118 -128 -121 -15 53 20 127 127 14 34 48 -128 -80 -32 -82 -128 -128 30 -128 6 -128 25 19 -53 113 -128 12 
-15 127 127 -96 -35 -120 -128 16 127 84 35 -128 -65 127 -108 127 -128 -64 22 -128 127 -128 27 -5 25 117 -128 16 -128 -128 127 30 -128 127 -128 -63 36 -61 127 127 127 -128 127 17 -121 127 55 -35 -32 -128 -121 -15 0 20 127 127 14 34 -128 -128 -80 -107 -82 127 -128 30 -128 6 95 25 24 -53 113 -59 12 
-15 127 127 -57 -35 -120 -33 16 127 -128 93 -128 -65 127 -108 -66 -128 -64 22 -128 127 -128 33 -5 25 117 -84 16 -128 -128 -128 30 -128 127 -128 -63 36 30 -37 127 127 -128 127 17 -128 127 55 -35 -32 -128 -121 -15 0 20 127 127 14 34 -128 -128 -128 -107 -128 -128 -91 -128 -128 6 -128 25 127 -53 113 -59 11 
-15 127 -3 -96 -35 -120 -128 16 -85 -128 93 -128 -65 127 -108 -66 -128 -64 22 -128 118 -128 33 -5 25 117 -84 16 -128 -128 127 30 -128 127 -128 -63 36 30 -37 22 118 -128 127 17 -128 127 55 -35 -32 -128 -121 -15 53 20 127 127 14 34 -128 -128 -80 -50 -82 127 -128 30 -128 6 -128 25 24 -53 113 -59 12 
-15 127 -3 -96 127 -120 -128 16 127 84 93 -128 -65 127 -108 43 -128 -64 22 -128 127 -128 27 -5 25 117 -84 16 -128 -128 127 30 -128 127 -128 -63 36 30 -37 -128 118 -128 127 17 -128 127 55 -35 -32 -128 -121 -15 0 109 127 127 14 34 -128 -128 -80 -50 127 -128 -91 30 -128 6 95 25 24 -53 113 -59 12 
-15 127 -3 104 127 -120 -128 16 127 84 93 -128 -65 127 -108 43 -128 -64 22 -128 118 -128 33 -5 -50 117 -84 16 -128 -128 127 30 -128 127 -128 -63 36 30 127 127 118 -128 127 17 -128 127 55 -35 -32 -128 -121 -15 127 20 127 127 14 34 48 -128 -80 -107 -128 -128 -91 30 -128 6 127 25 24 -53 113 -59 12 
-15 127 -3 -96 -35 -128 -128 16 -85 84 93 -128 -65 127 -108 -66 -128 -64 22 -128 127 -128 33 -5 25 117 -84 16 -128 -128 127 30 -128 127 -128 -63 36 30 127 22 -128 -128 127 17 -128 127 55 -35 -32 -128 -121 -15 53 20 127 127 14 34 -128 -128 -80 -128 -82 -128 -128 30 -128 6 -128 25 24 -53 113 -59 12 
-15 -128 -3 -96 -35 -120 -128 7 127 -128 93 -128 -65 127 -108 -128 -128 -64 22 -128 127 -128 33 -5 25 117 -84 16 -128 -128 127 30 76 127 -128 -63 36 30 -37 127 118 -128 -128 17 -128 127 55 -35 -32 -128 -121 -15 127 20 127 127 14 34 48 -128 -80 -128 -128 -128 -91 30 -128 6 -128 25 24 -53 113 -128 12 
-15 127 -3 -96 127 -120 -128 16 85 -128 35 -128 -65 127 -108 -66 -128 -64 -108 -128 118 -128 33 -5 25 117 -84 16 -128 -128 127 30 -128 127 -128 -63 36 30 -128 -53 118 -128 127 17 -128 127 55 -35 -32 -128 -121 -15 0 20 127 127 127 34 -128 -128 -80 -32 -128 -128 -128 30 -128 6 95 25 24 -53 113 -59 12 
-15 127 127 -96 127 -120 -128 16 127 84 93 -128 -65 127 -108 -128 -128 -64 22 -128 121 -128 33 -5 25 117 -84 16 -128 -128 127 30 -128 127 -128 -63 36 30 127 127 -128 -128 127 17 -121 127 55 -35 -32 -128 -121 -15 127 20 127 127 14 34 -128 -128 -80 -32 -128 -128 -128 30 -128 6 -128 25 24 -53 113 -128 12 
-15 127 -3 -96 127 -120 -128 16 127 84 93 -128 -65 127 -33 43 -128 -128 22 -128 127 -128 33 -5 25 117 -84 16 -128 -128 127 30 -128 127 -128 -63 36 30 127 -128 118 -128 127 17 -128 127 55 -35 -32 -128 -121 -15 127 20 127 127 14 34 48 -128 -80 -50 -128 -128 -128 30 -128 6 127 25 24 -128 113 -59 12 
-15 127 -3 -96 127 -128 -128 16 127 -128 93 -128 -65 127 -33 -66 -128 -64 22 -128 121 -128 33 -5 25 117 -84 16 -128 -128 127 30 -128 127 -128 -63 36 30 127 -128 127 -128 127 17 -128 127 55 -35 -32 -128 -121 -15 127 20 127 127 14 34 -128 -128 -80 -32 -82 -128 -128 30 -128 6 67 25 98 -53 113 -128 12 
-15 127 127 -96 127 -120 -128 16 127 -128 -13 -128 -65 127 -108 -66 -128 -128 22 -128 121 -128 33 -5 25 117 -84 16 -128 -128 127 30 -128 127 -128 -63 36 -61 -37 -128 118 -128 127 17 -128 127 55 -35 -32 -128 -121 -15 127 20 127 127 14 34 48 -128 -80 -50 -82 127 -91 30 -128 6 -128 25 24 -53 113 -128 12 
-15 127 -3 -96 -35 -120 -128 16 -85 84 93 -128 -65 127 -108 -66 -128 -64 22 -128 127 -128 85 -5 25 117 -84 16 -128 -128 127 30 -128 127 -128 -63 36 30 -37 127 -128 -128 127 17 -128 127 55 -35 -32 -128 -121 -15 127 20 127 127 14 34 -128 -128 -80 -50 -82 -128 -128 30 -128 6 95 25 24 -53 113 -59 12 
-15 127 -3 -96 -35 -120 -128 16 -85 -128 93 -128 -65 127 -108 -66 -128 -64 22 -128 127 -128 33 -5 25 117 -84 16 43 -128 127 30 -128 127 -128 -63 36 30 -37 127 -76 -128 127 17 -121 127 55 -35 -118 -128 -121 -15 0 20 127 127 14 34 48 -128 -100 -107 -82 127 -128 30 -35 6 127 25 24 -53 113 -128 12 
-128 32 127 -96 -128 -120 -128 7 127 -128 93 -128 -65 127 -108 -66 -128 -64 22 -128 127 -128 27 -5 25 117 -128 16 -128 -128 127 30 -128 127 -128 -63 36 30 127 127 118 -128 127 17 -121 127 55 -35 -32 -128 -121 -15 0 20 0 127 14 34 -128 -128 -80 -107 -82 -128 -91 30 -128 6 -128 25 98 -53 113 -59 12 
-89 127 -3 -96 127 -128 -128 16 127 -128 93 -128 -65 127 -108 43 -128 -64 22 -128 127 -128 33 -5 25 117 -84 16 -128 -128 127 30 -128 127 -128 125 36 30 127 127 -128 -128 127 17 -121 127 55 -35 -32 -128 -121 -15 127 20 127 127 14 34 -128 -128 -80 -50 -128 -128 -128 30 -128 6 95 25 24 -53 113 127 12 
-15 127 -3 -96 127 -120 -128 16 127 84 35 -128 -65 127 -108 43 -128 -128 22 -128 127 -128 33 -5 25 117 -84 16 -128 -128 127 30 -128 127 -128 -63 36 30 -128 -128 -128 -128 127 17 -121 127 55 -35 -32 -128 -121 -15 53 20 127 127 14 34 48 -128 -80 -107 -128 -128 -128 30 -128 6 95 25 24 -53 113 -59 12 
-15 127 -3 -96 -35 -128 -128 7 127 84 35 -128 -65 127 -108 43 -128 -64 22 -128 118 -128 33 -5 25 117 -84 16 -128 -128 127 30 -128 127 -128 -128 36 30 -128 127 -128 -128 127 17 -128 127 55 -35 -118 -128 -121 -15 127 20 127 127 14 34 -128 -128 -80 -32 -82 -128 -128 30 -128 6 -128 25 24 -128 113 -59 12 
-89 -128 127 -96 -35 -128 -128 7 127 -128 93 -128 -65 127 -108 43 -128 -128 22 -128 127 -60 33 -5 25 111 -84 16 -128 -128 127 30 -128 127 -128 -63 36 30 -37 127 127 127 127 17 -128 127 55 -35 -32 -128 -121 -15 127 20 127 127 14 34 -128 -128 -80 -107 -128 127 -128 30 -128 6 -128 25 24 -53 113 -59 12 
-15 -128 -3 -96 127 -128 -128 16 127 84 93 -128 -65 127 -108 127 -128 -64 22 -128 121 -128 27 -5 25 117 -84 16 -128 -128 127 30 -128 127 -128 -63 36 30 -37 127 118 -128 127 17 16 127 55 -35 -118 127 -121 -15 0 20 127 127 14 -128 48 -128 -128 -128 -128 127 -128 30 -128 6 -128 25 24 -53 113 -128 12 
-15 127 -3 -96 127 -120 -128 16 127 -128 93 -128 -65 127 -108 127 -128 -64 22 -128 127 -128 33 -5 25 117 -84 16 -128 -128 127 30 -128 127 -128 -63 36 30 127 127 127 -128 127 17 -128 127 55 -35 -118 -128 -121 -15 127 20 127 127 14 34 -128 -128 -80 -107 -128 -128 -128 30 -128 6 -128 25 24 -53 113 -59 12 
-15 127 -3 -96 -35 -128 -128 16 127 -128 35 -128 -65 127 -108 127 -128 -64 22 -128 127 -128 27 -5 25 117 -84 16 -128 -128 127 30 -128 127 -128 -63 36 30 127 127 118 -128 127 17 -128 127 55 -35 -118 -128 -121 -15 127 20 127 127 14 34 48 -128 -80 -32 -82 -128 -91 30 -128 6 95 25 24 -53 113 -59 12 
1 -128 -3 -96 127 -128 -128 16 127 -128 93 -128 -65 127 -108 127 -128 -128 22 -128 127 -128 33 -5 127 117 -84 16 -128 -128 127 30 -128 127 -128 -63 36 30 127 22 -128 -128 127 17 -128 127 55 -35 -32 -128 -128 -15 127 20 127 127 14 34 48 -128 -128 -32 -128 -128 -91 30 -128 6 127 25 24 -53 113 -128 12 
-15 127 -128 -96 127 -120 -128 7 127 84 35 -128 -65 127 -108 43 -128 -64 22 -128 127 -128 33 -5 25 117 -84 16 -128 -128 127 30 -128 127 -128 -63 36 30 127 22 127 -128 -128 17 -121 127 55 -35 -118 -128 -121 -15 0 20 127 127 14 34 48 -128 -80 -128 -82 -128 -91 30 -128 6 -128 25 -128 -53 113 -128 12 
-15 127 -3 -96 -35 -120 -128 16 127 -128 93 -128 -65 127 -108 -66 -128 -128 22 -128 127 -128 33 -5 25 117 -84 16 -128 -128 127 30 -128 127 -128 -63 36 30 -128 22 -128 -128 127 17 -128 127 55 -35 -32 -128 -121 -15 0 20 127 127 14 34 48 -128 -80 -128 -82 -128 -128 30 -128 6 127 25 24 -128 113 -59 12 
-15 127 -3 -96 127 -120 -128 16 127 -128 93 -128 -65 127 -108 127 -128 -64 22 -128 127 -128 33 -5 25 117 -128 16 -128 -128 127 30 -128 127 -128 -63 36 30 127 127 118 -128 127 17 -128 127 -128 -35 -32 -128 -121 -15 127 20 127 127 14 34 -128 -128 -80 -128 -128 -128 -128 30 -128 6 95 25 24 -53 113 -59 12 
-15 127 -3 -96 -35 -120 -128 16 127 84 93 -128 -65 127 -108 43 -128 -128 22 -128 121 -128 33 -5 25 117 -84 16 -128 -128 127 30 94 127 -128 -63 36 30 -37 127 -128 -128 127 17 -128 127 55 -35 -118 -128 -121 -15 127 20 127 127 14 34 48 -128 -80 -107 -82 127 -91 30 -128 6 127 25 24 -128 113 -128 12 
