187 100
-43 -128 127 -128 -128 -36 127 -91 127 127 -91 102 127 -128 127 12 -128 -74 77 127 127 101 -128 -128 127 127 127 -125 -67 127 -94 -82 -102 127 -75 -98 127 2 -128 -114 127 127 -128 -128 -29 104 35 127 -128 -110 127 -118 -128 -128 127 127 110 -121 -25 -128 127 -128 -38 127 -81 80 79 109 -88 127 79 127 127 127 -84 
-43 -128 127 -128 -128 -36 89 -91 127 127 -91 102 127 -128 127 -128 -128 -74 77 127 113 101 -128 -128 127 127 127 -128 -67 127 -94 -82 47 127 -128 -98 127 2 -128 -114 127 127 -128 -128 -29 104 35 127 -128 -50 127 -118 -128 -128 127 127 110 -121 -21 -128 88 -128 -38 127 -81 80 79 109 -13 127 127 -7 -34 127 60 
123 -128 127 -128 77 -36 127 -91 127 127 -91 102 127 -128 127 -128 -128 -74 77 127 113 101 -128 -128 127 127 127 -128 -67 127 -94 -128 -102 127 -128 -98 127 2 -128 -114 127 127 -115 -128 -29 104 35 127 -128 -110 127 107 -128 -128 127 127 110 -121 127 -128 88 -128 -38 127 -81 80 79 109 -88 127 127 -7 127 91 13 
-43 -128 127 -128 -128 -36 127 -91 127 127 -91 102 127 -128 127 -128 -128 -74 77 127 113 101 -128 -128 127 127 127 -128 -67 127 -94 -128 -102 127 -75 -98 127 2 -128 -114 127 127 -128 -128 -29 104 35 127 -128 -110 127 -118 -128 -128 127 127 110 -121 127 -128 88 -128 -38 127 -81 80 103 109 127 127 127 -7 -34 -128 60 
-43 -128 127 -128 77 -36 127 -91 127 127 -91 102 127 -128 127 -128 -128 -74 77 127 113 101 -128 -100 127 127 127 -125 -67 127 -94 -82 47 127 -128 24 127 2 -128 -114 127 127 -128 -128 -29 104 35 127 -128 -50 127 -118 -128 -128 127 127 110 -121 127 -128 -126 -128 -38 -7 -81 80 79 109 -13 127 127 -7 -34 -20 13 
123 -128 127 -128 -128 -36 127 -89 127 127 -91 102 127 -128 127 12 -128 -74 77 127 113 101 -128 -128 127 127 127 -128 -67 127 -94 -82 -102 127 -75 -98 127 2 -128 -114 127 127 -115 -128 -29 104 35 127 -128 -110 127 107 -128 -128 127 127 110 -121 -21 -128 88 -128 127 -7 -81 80 103 109 127 127 127 -7 127 91 13 
-43 -128 127 -128 77 -36 89 -128 127 127 -91 102 127 -128 127 -128 -128 -74 77 127 127 101 -128 -128 127 127 127 -128 -67 127 127 -128 47 127 -128 -98 127 2 -128 -114 127 127 -115 -128 -89 104 35 127 -128 -110 127 -64 -128 -128 127 127 110 -121 -21 10 88 -128 -38 127 -81 80 79 109 -13 127 127 -7 -34 127 13 
-43 -128 127 -128 77 -36 89 -91 127 127 -91 102 127 -128 127 -128 -128 -74 77 127 113 101 -128 -128 127 127 127 -128 -128 127 -94 -128 -102 127 -75 -128 127 2 -128 -114 127 127 -128 -128 -29 104 35 127 -128 -110 127 107 -128 -128 127 127 110 -121 -25 -128 127 -128 -38 -7 -81 80 79 109 -13 127 127 -7 -34 91 13 
123 -128 127 -128 -128 -36 89 -91 127 127 -91 102 127 -128 127 -128 -128 -74 77 127 113 101 -128 -128 127 127 127 -128 -67 127 -87 -82 47 127 -75 -128 127 2 -128 -114 127 127 -115 -128 -29 104 35 127 -128 -110 -111 -64 -128 2 127 127 110 -121 -25 -128 88 -128 -128 127 -81 80 79 109 -13 127 127 -7 127 -20 13 
123 -128 127 -128 -128 127 89 -91 127 127 -91 102 127 -128 127 -128 -128 -74 77 127 113 101 81 -128 127 127 127 -125 -67 127 -94 -82 -102 -110 127 -98 127 2 -128 -114 127 127 -128 -128 -29 104 35 127 -128 -110 127 107 -128 -128 127 127 110 -121 -21 -128 88 -128 -38 -7 -81 80 79 109 -13 127 127 127 127 91 13 
-43 -128 127 -128 -128 -36 89 -91 127 127 -91 102 127 -128 127 -128 -128 -74 77 127 113 101 -128 -100 127 127 127 -128 -67 127 -128 -82 47 127 -128 -98 127 2 -128 -114 127 127 -128 -128 -29 104 35 127 -128 -110 -1 -88 -128 -128 127 127 110 -121 127 -128 88 -128 -38 127 -81 80 103 109 127 127 127 -7 127 -128 13 
-43 -128 127 -128 77 -36 89 -91 127 127 -91 102 127 -128 127 -10 -128 -42 77 127 113 101 -128 -128 127 127 127 -128 -67 127 -94 -82 47 -110 -75 -98 127 2 -128 -114 127 127 -115 -128 -29 104 35 127 -128 -110 127 107 -128 -128 127 127 110 -121 127 -128 88 -128 -38 127 -81 80 79 109 -13 127 127 -7 127 -128 13 
123 -128 127 -128 77 -36 89 -91 127 127 -91 102 127 -128 127 -128 -128 -74 77 127 113 101 -128 -128 127 127 127 -128 -67 127 -94 120 47 127 -75 -98 127 2 -128 -114 127 127 -128 -128 -29 104 35 -86 -128 -110 127 -118 -128 -128 127 127 110 -121 -21 -128 88 -128 -38 127 -81 80 103 109 -13 127 127 -7 -34 -128 13 
-43 -128 127 -128 -128 -36 89 -91 127 127 -91 102 127 -128 127 -128 -128 -74 77 127 113 101 -128 -128 127 127 -30 -125 -67 127 -94 -128 -102 127 -128 -98 127 2 -128 -114 127 127 -128 -128 -29 104 35 127 -128 -110 127 -64 -128 -128 127 127 110 -121 127 -128 127 -128 -38 127 -81 80 5 109 -13 127 127 -7 127 91 13 
-43 -128 127 -86 77 80 89 -91 127 127 -91 102 127 -128 127 12 -128 -42 77 127 113 101 -128 -128 127 127 127 12 -67 127 -128 -128 47 127 -75 -98 127 2 -128 -114 127 127 -128 -128 -29 104 35 127 -128 -110 127 -118 -128 -128 127 127 110 -121 127 -128 127 -128 -38 -7 -81 80 79 109 -13 127 127 -7 -34 127 13 
-43 -128 127 -128 77 -36 89 -128 97 127 -91 102 127 -128 127 12 -128 -74 77 127 113 101 -128 -128 127 127 127 -128 -67 127 -94 -128 47 -110 -128 -98 127 2 -128 -114 127 127 -128 -128 -89 104 35 127 -128 -110 127 107 -128 -128 127 127 110 127 -21 -128 88 -128 -38 -7 -81 80 79 109 -13 127 127 -7 127 91 60 
-43 -128 127 -128 -128 -36 89 -128 127 127 -91 102 127 -128 127 -128 -128 -74 77 127 113 101 -128 -128 127 127 127 -125 -67 127 -94 -82 47 -110 -75 -98 37 2 -30 -114 127 127 -115 -128 -29 104 35 127 -128 -110 127 107 -128 -128 127 127 110 -121 127 -128 127 -128 -38 127 -81 80 79 109 -13 127 127 -7 -34 91 13 
-43 -128 127 -128 77 -36 89 -128 127 127 -91 102 127 -128 127 -128 -128 -74 77 127 113 101 -128 -128 127 127 127 -128 -67 127 -94 -82 47 127 -75 -98 127 2 -128 -114 127 127 -115 -128 -89 104 35 127 -128 -110 127 107 -128 -128 127 127 110 -121 -21 -128 127 -128 -38 -7 -81 80 79 109 -88 127 127 -7 127 127 13 
-43 -128 127 111 -128 -36 127 -91 127 127 -91 102 127 -128 127 -128 -128 -74 77 127 113 101 -128 -128 127 127 127 -128 -67 127 -94 -82 47 127 -75 -98 127 2 -128 -114 127 127 -128 -128 -29 104 35 127 -128 -110 127 -118 -128 -128 127 127 110 -121 127 -128 88 -128 -38 127 -81 80 79 109 -88 127 127 -7 127 -128 13 
123 -128 127 -128 77 -36 89 -91 127 127 -91 102 -108 -128 76 -128 -128 -74 77 127 113 101 -128 -128 127 127 127 -128 -67 127 -94 -128 47 127 -75 -98 127 2 -30 -114 127 127 -128 -128 -89 104 35 127 -128 -110 127 107 -128 -128 127 127 110 -121 -21 10 88 -128 -38 -7 -81 80 79 109 -13 127 127 -7 127 91 13 
123 -128 127 -128 77 -85 127 -128 127 127 -91 102 127 -128 127 -128 -128 -74 77 127 113 101 -128 -128 127 127 -30 -125 -67 127 -94 -82 -102 127 -75 -98 127 2 -128 -114 127 127 -128 -128 -29 104 35 127 -128 -110 127 107 -128 -128 127 127 110 -121 127 -128 127 -128 -38 127 -81 80 79 109 -13 127 127 -7 127 -34 60 
-43 -128 127 -128 77 -36 127 -91 127 127 -91 102 127 -128 127 -128 -128 -74 77 127 113 101 -57 -128 127 127 127 -125 -67 127 -128 -82 47 127 -75 -98 127 2 -128 -114 127 127 -128 -128 -29 104 35 127 -128 -110 127 -118 -128 -128 127 127 110 -121 127 -128 88 -128 -38 -7 -81 80 79 109 -88 127 127 127 127 91 60 
-43 -128 127 -128 77 -36 127 -91 127 127 -91 56 127 -128 127 12 -128 -74 77 127 127 101 -128 -128 127 127 127 -125 -67 127 -94 -82 -102 127 -75 -98 127 2 -128 -114 127 127 -128 -128 -29 -128 35 127 -128 -110 127 -118 -128 -128 127 127 110 -121 127 -128 88 -128 -38 127 -81 80 79 109 -13 127 127 -7 -34 -20 13 
-43 -128 127 -128 77 -36 127 -91 127 127 -91 56 127 -128 127 -128 -128 -74 77 127 113 101 -128 -128 127 127 127 -125 -67 127 -94 -82 -102 127 -75 -98 127 2 -128 -114 127 127 -128 -128 -29 104 35 127 -128 -110 127 -118 -128 -128 127 127 110 -121 127 -128 88 -128 -38 127 -81 80 103 109 127 127 127 -7 -34 91 13 
123 -128 127 -128 77 -36 127 -91 127 127 -91 102 127 -128 127 12 -128 -42 77 127 113 127 -128 -128 127 127 127 -125 -67 127 -87 -82 47 127 127 -128 127 2 -128 -114 127 127 -128 -128 -89 104 35 127 -128 -110 34 107 -128 -128 127 127 110 -121 127 -128 88 -128 -38 -7 -81 80 79 109 -88 127 127 127 127 91 13 
123 -128 127 -128 77 127 127 -91 127 127 -91 102 127 -128 127 -128 -128 -74 77 127 113 101 -128 -100 127 127 127 -128 -128 127 -94 -82 -102 127 127 -98 127 2 -128 -114 127 127 -128 -128 -29 104 35 127 -128 -50 -1 -118 -128 -128 127 127 110 -121 -21 -128 127 -128 -38 -7 -81 80 79 109 -13 127 127 -7 -34 91 13 
123 -128 127 -128 77 -36 89 -91 127 127 -91 102 127 -128 127 -128 -128 -74 77 127 113 101 -128 -128 127 127 127 -128 -67 44 -94 -82 -102 127 -75 -98 127 2 -128 -114 127 127 -128 -128 -89 104 35 127 -128 -110 127 -64 -128 -128 127 127 110 -121 127 -128 88 -128 -38 127 -81 80 79 109 -13 127 127 -7 -34 127 13 
123 -128 127 -86 77 -36 89 -128 127 127 -91 102 127 -128 127 -128 -128 -128 77 39 113 101 81 -128 127 127 127 -128 -67 127 -94 -82 -102 127 -75 -98 127 2 -128 -114 127 127 -128 -128 5 104 35 127 -128 -110 127 -118 -128 -22 127 127 110 -121 -25 -128 88 -128 -38 127 -81 80 79 109 37 127 127 -7 127 -128 13 
-43 -128 127 -128 -128 -36 89 -128 127 127 -91 102 127 -128 127 -128 -128 -42 77 127 113 101 -128 -128 127 127 127 -125 -67 127 -94 -128 -102 -110 -128 -98 127 2 -128 -114 127 127 -128 -128 127 104 35 127 -128 -110 127 -118 -128 -128 127 127 110 -121 -21 -128 127 -128 -38 127 -6 80 79 109 -13 127 127 -7 127 127 60 
123 -128 127 -86 -128 -36 89 -91 127 127 -91 102 127 -128 127 12 -128 -74 77 127 -113 101 -128 -128 127 127 127 -128 -67 127 -128 -82 -102 127 -75 -98 127 2 -128 -114 127 127 -128 -128 -89 104 35 127 -128 -110 127 -118 -128 -128 127 127 110 -121 -21 -47 88 -128 -38 -7 -81 80 79 109 127 127 127 -7 127 -128 60 
123 -128 127 -128 77 -36 89 -91 127 127 -91 56 127 -128 127 -128 -128 -74 77 127 113 101 -128 -128 127 127 127 -128 -67 127 -94 -82 47 127 -128 -98 127 2 -128 -114 127 127 -128 -128 -29 104 35 127 -128 -110 127 -118 -128 -128 127 127 110 -121 -21 -128 88 -128 47 -7 -81 80 79 109 -13 127 127 -7 -34 91 13 
123 -128 127 -128 77 127 89 -128 127 -128 -91 102 127 -128 127 -128 -128 -74 77 127 113 101 -128 -128 127 127 127 -128 -128 127 -94 -82 -102 127 -75 -98 127 2 -30 -114 127 127 -128 -128 -29 104 35 127 -128 -110 28 -118 -128 -128 127 127 110 -121 127 -128 88 -128 -38 -7 -81 80 103 109 -13 -37 127 -7 -34 91 13 
123 -128 127 -128 77 -36 127 -91 127 127 -91 102 127 -128 127 -128 -128 -74 77 127 127 101 -128 -128 127 127 127 -125 -128 127 -94 -82 47 127 -75 -98 127 2 -128 -114 -128 127 -128 -128 -89 104 35 127 -128 -110 127 -118 -128 -128 127 127 110 -121 -21 -128 88 -128 -38 127 118 80 79 109 -13 127 61 -7 127 -20 58 
123 -128 127 -86 77 -36 127 -128 127 127 -91 102 127 -128 127 -128 -128 -74 77 127 113 101 -128 -128 127 127 127 -125 -67 127 -94 -128 -102 127 -75 -128 127 2 -128 -114 127 127 -128 -128 -29 104 35 127 -128 -110 127 107 -128 -128 127 127 110 -121 127 -128 88 -128 -38 127 -81 80 79 109 -13 127 127 -7 127 127 13 
-43 -128 127 -128 -128 -36 127 -91 127 127 -91 102 127 -128 127 12 -128 -42 77 127 113 101 -128 -100 127 127 127 -125 -67 127 -128 -82 -102 127 -128 -98 127 2 -128 -114 127 127 -128 -128 -29 104 35 127 -128 -50 127 -64 -128 -128 127 127 110 -121 127 -128 88 -128 127 127 -81 80 79 109 -13 127 127 -7 127 -128 13 
123 -128 127 -128 77 -36 89 -91 127 127 -91 102 127 -128 127 -128 -128 -74 77 127 113 101 81 -128 127 127 127 -125 -128 127 -94 -82 47 127 -75 -98 127 2 -128 -114 -128 127 -128 -128 -29 104 127 127 -128 -110 127 -64 -128 -128 127 127 110 -121 -21 -128 88 -128 -38 127 -81 80 103 109 -88 127 127 127 -34 91 13 
-43 -128 127 -128 -128 -36 89 -128 127 127 -91 102 127 -128 127 -128 -128 -74 77 127 113 101 -128 -100 127 127 127 -125 -67 127 -94 -82 47 127 -75 -98 127 2 -128 -114 127 127 -128 -128 65 104 35 127 -128 -110 127 -118 -128 127 127 127 110 -121 127 -128 -55 -128 -38 127 -81 80 79 109 -13 127 127 -7 127 127 60 
123 -128 127 -128 -128 -36 89 -128 127 127 -91 56 127 -128 127 -128 -128 -74 77 127 113 101 -128 -100 127 127 127 -125 -67 127 -94 -82 47 127 -128 -128 127 2 -128 -114 127 127 -128 -128 -29 104 35 127 -128 -110 127 107 -128 -128 127 127 110 -121 -21 -128 88 -128 -38 127 -81 80 103 109 127 127 127 -7 127 91 13 
-43 -128 127 -128 -128 -36 89 -91 127 127 -91 56 127 -128 127 -128 -128 -74 77 127 113 101 -128 -100 127 127 127 -128 -67 127 -94 -82 47 127 127 -98 127 2 -128 -114 127 127 -128 -128 -29 104 35 127 -128 -110 127 -118 -128 -128 127 127 110 -121 -21 -128 88 -128 -38 127 -81 -128 79 109 -13 127 127 -7 -34 127 13 
-43 -128 127 -128 77 -36 127 -91 127 127 -91 102 127 -128 127 -128 -128 -74 77 127 113 101 -128 -128 127 127 127 -128 -128 127 -94 -82 47 127 -75 -98 127 2 -128 -114 127 127 -128 -128 -29 104 35 127 -128 -110 127 -64 -128 -128 127 127 110 -121 -21 -128 88 -128 -38 -7 -81 80 79 109 -13 127 127 127 127 127 13 
-43 -128 127 -128 77 -36 89 -128 127 127 -91 56 127 -128 127 -128 -128 -74 77 127 113 101 -128 -100 127 127 127 -128 -67 127 -87 120 -102 127 -75 -98 127 2 -128 -114 127 127 -128 -128 -29 104 35 127 -128 -110 127 -118 -128 -128 127 127 110 -121 -21 -128 88 -128 -38 -7 -81 80 79 109 -13 127 127 -7 -34 -20 13 
123 -128 127 -128 77 -36 89 -91 127 127 -91 56 127 -128 127 -128 -128 -74 77 127 113 101 -128 -128 127 127 127 -125 -67 127 -94 -128 -128 127 127 -98 127 2 -128 -114 127 127 -112 -128 -29 104 35 127 -128 -110 127 -118 -128 127 127 127 110 -121 -25 -128 88 -128 -38 127 -81 80 79 109 -13 127 127 -7 127 -128 13 
123 -128 127 -128 77 -36 89 -91 127 127 -91 102 127 -128 127 -128 -128 -74 77 127 113 80 -128 -128 127 127 127 -125 -67 127 -94 -128 47 127 -128 -98 127 2 -128 -114 127 127 -128 -128 -29 104 35 127 -128 -110 127 -118 -128 -128 127 127 110 -121 -21 -128 88 -128 -38 127 -81 80 79 109 -13 127 127 127 127 91 13 
123 -128 127 -128 -128 -36 89 -91 118 127 -91 102 127 -128 127 12 -128 -74 77 127 113 101 -128 -128 127 127 127 -125 -67 127 -94 -82 47 127 -75 -98 127 2 -128 -114 127 127 -128 -128 -29 104 35 127 -128 -110 127 -118 -128 -128 127 127 110 -121 127 127 127 -128 -38 127 -81 80 79 109 -13 127 127 -7 -34 -128 13 
-43 -128 127 -128 77 -36 89 -91 127 127 -91 102 127 -128 127 -128 -128 -128 77 127 113 101 -128 -128 127 127 127 -128 -67 127 -94 -82 -102 127 -75 -98 127 2 -128 -114 127 127 -128 -128 -29 104 35 127 -128 -110 127 107 -128 -128 127 127 110 -121 -25 -128 88 -128 -38 127 -81 80 79 109 -13 127 127 -7 -34 127 13 
123 -128 127 -128 -128 -36 127 -91 127 127 -91 102 127 -128 127 -128 -128 -74 77 127 113 101 -128 -128 127 127 127 -125 -128 127 -94 -82 -102 127 -75 -98 127 2 -128 -114 127 127 -128 -128 -29 104 35 127 -128 -110 127 107 -128 -128 127 127 110 -121 -25 -128 88 -128 -38 -7 -81 80 79 109 127 127 127 -7 127 127 13 
-43 -128 127 -86 -128 -36 89 -91 127 127 -91 102 127 -128 127 -128 -128 -74 127 127 113 101 -128 -128 127 127 127 -128 -67 127 -94 -82 47 127 -75 -98 127 2 -128 -114 127 127 -128 -128 -29 104 35 127 -128 -110 127 107 -128 -128 127 127 110 -121 127 -128 88 -128 -38 127 -81 80 103 109 127 127 127 -7 -34 -128 13 
-43 -128 127 -128 -128 -36 89 -91 127 127 -91 127 127 -128 127 -128 -128 -42 77 127 113 101 -128 -128 127 127 127 -128 -67 127 -37 -82 47 127 -128 -98 127 2 -128 -114 127 127 -128 -128 -29 104 35 127 -128 -110 127 107 -128 -128 127 127 110 -121 -21 -128 88 -128 -38 127 -81 80 79 109 -13 127 127 -7 127 91 13 
-43 -128 127 -86 -128 -36 89 -91 127 127 -91 102 127 -103 127 -128 -128 -74 77 127 -128 101 -128 -128 127 127 -30 -125 -67 127 -94 -82 -102 127 -128 -98 127 2 -128 -114 127 127 -115 -128 -29 104 35 127 -128 -50 127 -118 -128 -128 127 127 110 -121 127 -128 88 -128 -38 127 -81 80 79 109 -88 127 127 127 127 127 127 
-43 -128 127 -128 77 -36 89 -128 127 127 -91 56 127 -128 127 -128 -128 -74 77 127 113 101 -128 -128 127 127 127 -128 -67 127 -94 -82 -102 127 -75 -98 127 7 -30 -114 127 127 -128 -128 -29 104 35 127 -128 -110 127 107 -128 -128 127 127 110 -121 127 -128 88 -128 -38 -7 -81 80 79 109 -13 127 127 -7 -35 91 13 
-43 -128 127 -128 77 -36 89 -91 127 127 -91 127 127 -128 127 -128 57 -74 77 127 113 101 -128 -128 127 127 127 -125 -67 127 -94 -82 47 127 127 -128 127 2 -128 -114 127 127 -128 -128 -29 104 35 127 -128 -110 127 107 -128 -128 127 127 110 -121 127 -128 88 -128 -38 -7 -81 80 79 109 -13 127 127 -7 127 127 13 
-43 -128 127 -128 77 -36 89 -91 127 127 -91 102 127 -128 127 -128 -128 -74 77 127 113 101 -128 -128 -76 127 127 -125 -67 127 -94 -128 -102 127 -75 -98 127 2 -128 -114 127 127 -128 -128 -89 104 -17 127 -128 -110 127 -118 -128 -128 127 127 110 -121 127 -128 88 -128 -38 -7 -81 80 79 109 -13 127 127 -7 127 127 13 
123 -128 127 -128 77 -36 127 -128 127 -25 -91 -15 127 -128 127 -128 -128 -74 77 127 127 101 81 -128 127 127 127 -128 -67 127 -87 -82 47 127 -128 -98 127 2 -128 127 127 127 -128 -128 -89 104 35 127 -128 -110 127 107 -128 -128 127 127 110 -121 -21 -128 88 -128 -38 127 -81 80 103 109 -13 127 127 -7 127 -128 13 
-43 -128 127 -128 -128 -36 89 -128 127 127 -91 102 127 -128 127 -128 -128 -74 77 127 127 101 -128 -128 127 127 127 -128 -67 127 -128 -82 47 127 127 -98 127 2 -128 -114 127 127 -128 -128 -29 104 35 127 9 -110 127 107 -128 -128 127 127 110 -121 127 -128 88 -128 127 127 -81 80 79 109 -13 127 127 -7 127 127 13 
123 -128 127 -86 77 -36 127 -91 127 127 -91 102 -15 -128 127 -128 -128 -74 95 127 127 101 -59 -128 127 127 -30 -125 -128 127 -94 -82 -102 127 -75 -98 127 2 -128 -114 127 127 -128 -128 -29 104 35 127 -128 -110 127 -118 -128 -128 95 127 110 -121 -21 -128 88 -128 -38 -7 -81 80 79 109 -88 127 127 -7 127 -128 13 
123 -128 127 -128 77 -36 89 -128 127 127 -91 102 127 -128 127 -128 -128 -74 -101 127 113 -14 -128 -128 127 127 127 -128 -67 127 -94 -82 47 127 -83 -98 127 2 -128 -114 127 127 -128 -128 -29 104 35 127 -128 -110 127 107 -128 -128 127 127 110 -121 -21 10 88 -128 -38 127 -81 80 79 109 127 127 127 127 -34 127 13 
-43 -128 127 -128 77 -36 127 -91 127 127 -91 102 127 -128 127 -128 -128 -74 77 127 113 101 -128 -128 127 127 127 -128 -67 127 -94 -82 -102 127 -75 -98 127 2 -30 -114 127 127 -128 -128 -89 104 35 127 -128 -110 127 -118 -128 -128 127 127 110 -121 127 -128 88 -128 -38 127 -81 80 79 109 -13 127 127 127 127 127 13 
-43 -128 127 -128 77 -36 89 -91 127 127 -91 102 127 -128 127 -128 -128 -74 77 127 127 101 -128 -128 127 127 127 -125 -67 127 -94 -82 47 127 -128 -98 127 2 -128 -114 127 127 -128 -128 -29 104 35 127 -128 -110 -1 107 -128 -128 127 127 110 -121 -21 -128 88 -128 -38 127 -81 80 79 109 -13 127 127 -7 -34 -128 13 
-43 -128 127 -128 -128 -36 127 -91 127 127 -91 102 127 -128 127 -128 -128 -74 77 127 113 101 -128 -70 127 127 127 -128 -67 127 -94 -128 -102 127 -75 -128 127 2 -128 -114 127 127 -128 -128 -89 104 35 127 -128 -50 127 -118 -128 -128 127 127 110 -121 -21 -128 88 -128 -38 -7 -81 80 79 109 -13 127 127 127 -34 -128 13 
-43 -128 127 -128 77 -36 127 -91 127 127 -91 102 127 -128 54 -128 -128 -42 77 127 113 101 -128 -100 127 127 127 -125 -67 127 -128 -82 47 127 -75 -98 127 2 -128 -114 127 127 -128 -128 -89 -45 35 127 -128 -110 127 107 -128 -128 127 127 110 -73 127 -128 127 -128 -38 127 -81 80 79 109 -13 127 127 -7 127 91 13 
123 -128 127 -86 -128 -36 89 -128 127 127 -91 102 127 -128 127 12 -128 -42 77 127 113 101 -128 -100 127 127 127 -125 -67 127 -94 -82 47 127 -75 -98 127 2 -128 -114 127 127 -128 -128 -29 104 35 127 -99 -50 -1 107 -128 -128 127 127 110 -73 -25 -128 88 -128 -38 127 -81 80 103 109 -13 127 127 -7 -34 -128 13 
-43 -128 127 -128 -128 -36 127 -91 127 127 -91 56 127 127 127 -128 -128 -74 77 127 113 101 81 -128 127 127 -128 -128 -67 127 127 -82 26 127 -75 -98 127 2 -30 -114 127 -128 -128 -128 -29 104 127 127 -128 -110 -1 -64 -128 -128 127 127 110 -121 -21 -128 88 -128 -38 127 -81 80 79 109 -88 127 127 -7 -34 -20 -64 
-43 -128 127 -128 -128 -36 127 -128 127 127 -91 102 127 -128 127 -128 -128 -74 77 127 113 101 -128 -128 127 127 127 -128 -128 127 -94 -82 -102 127 -75 -98 127 2 -128 -114 127 127 -128 -128 -89 104 35 127 -128 -110 127 -118 -128 -128 127 127 110 -121 127 -128 127 -128 -38 127 -81 80 79 109 -88 127 127 127 -34 -128 13 
-43 -128 127 -128 77 -36 89 -91 127 127 -91 102 127 -128 127 12 -128 -74 77 127 113 101 81 -128 127 127 127 -128 -67 127 -87 -128 47 127 -75 -98 127 2 -128 -114 127 127 -128 -128 -89 104 35 127 -128 -110 127 -118 -128 -128 127 127 110 -121 127 10 88 -128 -38 127 -81 80 79 109 -88 127 127 127 127 127 13 
-43 -128 127 -128 77 -36 89 -91 127 127 -91 102 127 -128 127 -128 -128 -42 77 127 113 101 -128 -100 127 127 127 -128 -67 127 -87 -82 47 127 -75 -98 127 2 -128 -114 127 127 -128 -128 -29 104 35 127 -128 -50 127 107 -128 -128 127 127 110 -121 -21 -128 88 -128 -38 -7 -81 80 79 109 -13 127 127 -7 -34 91 13 
-40 -128 127 -128 -128 -36 127 -91 127 127 -91 56 127 -128 127 -128 -128 -74 77 127 113 101 -128 -128 127 127 127 -125 -67 127 -128 -82 47 127 -75 -98 127 2 -128 -114 127 127 -128 -128 -89 104 -28 127 -128 -110 127 12 -128 -128 127 127 110 -121 127 -128 88 -128 -38 -7 -81 80 79 109 -13 127 127 127 127 -128 13 
-43 -128 127 -128 77 -36 127 -91 127 127 -91 102 127 32 127 -128 -128 -74 77 127 113 101 -128 -128 127 127 127 -125 -67 127 -94 -82 47 127 -75 -98 127 2 -128 -114 127 127 -115 -128 -29 104 35 127 -128 -110 127 107 -128 -128 127 127 110 -121 127 -128 88 -128 -38 -7 -81 80 79 109 -13 127 127 -7 -34 -128 13 
-43 -128 127 -128 -128 -36 89 -91 127 127 -91 56 127 -128 127 -128 -128 -74 118 127 113 101 -128 -128 127 127 127 -128 -67 127 -94 120 47 127 -75 -98 127 2 -128 -114 127 127 -128 -128 -29 104 35 -86 -128 -110 127 107 -128 -128 127 127 110 -121 127 27 88 -128 -38 -7 -81 80 79 109 -13 127 127 127 -34 91 13 
-43 -128 127 -128 77 -36 127 30 127 127 -91 102 127 -128 127 -128 -128 -74 77 127 113 101 -128 -128 127 127 127 -125 -67 127 -94 -82 47 -110 127 -98 127 2 -30 -114 127 127 -128 -128 -29 104 35 127 -128 -110 127 -118 -128 -128 127 127 110 -121 127 -128 88 -128 -38 -7 -81 80 79 109 127 127 127 -7 127 91 60 
123 -128 127 -128 127 -36 89 -128 127 127 -91 102 127 -128 127 -128 -128 -128 77 127 113 101 -128 -128 127 127 -30 -125 -128 127 -94 -82 47 127 -75 -98 127 2 -128 -114 127 127 -128 -128 -29 104 35 127 -128 -110 127 107 -128 -128 127 127 110 127 127 -128 88 -128 -38 127 -81 80 79 109 127 127 127 -7 -34 127 13 
-43 -128 127 -128 77 -36 127 -128 127 127 -91 56 127 -128 127 -128 -128 -74 77 127 113 101 -128 -128 127 127 127 -128 -67 127 -94 120 47 -110 -75 -98 127 2 -128 -114 127 127 -128 -128 -89 104 35 127 -128 -110 -1 -118 -128 -128 127 127 110 -73 -21 -128 127 -128 -38 -7 -81 80 79 109 -13 127 127 -7 -34 127 13 
123 -128 127 -128 77 -36 89 -91 127 127 -91 102 127 -128 127 127 -128 -74 77 127 113 101 -128 -128 127 127 127 -128 -67 61 -94 -82 47 127 -75 -98 127 2 -128 -114 127 127 -128 -128 -29 104 35 127 -128 -110 127 107 -128 -128 127 127 110 -73 -21 -128 88 -128 -38 127 -81 80 79 109 -13 127 7 127 127 91 13 
-43 -128 127 -128 77 -36 89 -91 127 127 -91 102 127 -128 127 -128 -128 -74 77 127 113 101 -128 -128 127 127 127 -128 -128 127 -128 -128 47 127 -128 -98 127 2 -128 -114 127 127 -115 -128 -29 104 35 127 -128 -110 -1 -118 -128 -128 127 -128 110 -121 -25 -128 88 -128 -38 127 -81 80 79 109 -13 127 127 -7 127 -128 13 
-43 -128 127 -128 -128 -36 89 -91 127 127 -91 102 127 -128 127 -128 -128 -74 77 127 113 101 -128 -128 127 127 127 -128 -67 127 -94 -82 -102 -110 127 -98 127 2 -128 -114 127 127 -128 -128 -89 104 35 -128 -128 -110 127 107 -128 -128 127 127 110 -73 -126 -128 88 -128 -38 -7 -81 80 79 109 -13 127 127 -7 127 91 13 
-43 -128 127 -128 77 -36 127 -128 127 127 -91 102 127 -128 127 -128 -128 -74 77 127 127 101 -128 -128 127 127 127 -125 -67 127 -128 120 47 127 -75 -98 127 2 -128 -114 127 127 -115 -128 -89 104 35 127 -128 -110 127 107 -128 -128 127 127 110 -73 -21 10 127 -128 -38 127 -81 80 79 109 -13 127 127 -7 127 91 13 
123 -128 127 -128 -128 -36 89 -91 127 127 -91 102 127 -128 127 -128 -128 -74 77 127 127 101 -128 -128 127 127 127 -125 -67 127 -94 -128 47 127 -75 -98 127 2 -128 -114 127 127 -128 -128 -29 104 35 -86 -128 -4 127 -118 -128 127 127 127 110 -121 127 -128 127 -128 127 -7 -81 80 79 109 -13 127 127 -7 127 -128 60 
-43 -128 127 -128 -128 -36 89 -128 127 127 -91 102 127 -128 127 12 -128 -74 77 127 127 101 -128 -128 127 127 -30 -128 -67 127 -94 -82 47 127 127 -98 127 2 -128 -114 127 127 -128 -128 -29 104 35 127 -128 -110 114 -118 -128 -128 127 127 110 -121 127 -128 88 -128 -38 127 -81 80 79 109 -13 127 127 127 127 -128 13 
123 -128 127 -128 -128 127 89 -91 127 127 -91 102 127 -128 127 -128 -128 -42 77 127 113 101 -128 -128 127 127 -30 -128 -67 127 -128 -82 -102 127 -75 -98 127 2 -128 -114 127 127 -128 -128 -29 104 -37 -86 -128 -50 127 107 -128 -128 127 127 110 -121 127 -128 88 -128 127 -7 -81 80 103 109 -13 127 127 -7 127 91 13 
123 -128 127 -128 77 -36 89 -128 127 127 -91 -128 127 -128 127 -128 -128 -74 77 127 113 101 -128 -128 127 127 127 -125 -128 127 -94 -82 -102 -110 -128 -128 127 2 -30 -114 127 127 -128 -128 -29 104 35 127 -128 -110 127 -118 -128 -128 127 127 110 -121 -21 -128 88 -128 -38 127 -81 80 79 109 -13 127 127 -7 127 91 13 
-43 -128 127 -128 77 127 89 -91 127 127 -91 102 127 -128 127 -128 -128 -74 77 127 113 101 -128 -128 127 127 -30 -128 -67 127 -94 -82 47 -128 -75 -98 127 2 -128 -114 127 127 -128 -128 -89 -53 35 127 -128 -110 127 -118 -128 -128 127 127 110 -121 -21 -128 127 -128 -38 127 -81 80 79 -35 -88 127 127 -7 127 91 13 
-43 -128 127 -128 77 -36 127 -128 127 127 -91 102 127 -128 127 -128 -128 -74 77 127 113 101 -128 -128 127 127 127 -125 -67 127 -94 -82 -102 127 -75 -98 127 2 -128 -114 127 127 -128 -128 -29 104 35 127 -128 -110 127 -118 -128 -128 127 127 110 -121 -25 -128 88 -128 -38 -7 -81 80 103 109 -13 127 127 -7 -34 -103 13 
-43 -128 127 -128 77 -36 89 -91 127 127 -91 102 127 -128 127 -128 -128 -74 77 127 127 101 -128 -128 127 127 127 -128 -67 127 -94 -128 -102 127 -75 -98 127 2 -128 -114 127 127 -128 -128 -29 104 35 -83 -128 -110 127 107 -128 -128 127 127 110 -73 127 -128 88 -128 -38 -7 -81 80 79 109 -13 127 127 -7 127 -20 13 
-43 -128 127 -128 77 -36 89 -91 127 127 -91 102 127 -128 127 -128 -128 -74 77 127 113 101 -128 -128 127 127 127 -128 -67 127 -87 -82 47 127 -75 -98 127 2 85 -114 127 127 -128 -128 -29 104 35 127 -128 -110 -128 107 -128 -128 127 127 110 -121 -21 -128 88 -128 -38 127 -81 80 79 109 -13 127 127 127 127 -128 13 
-43 -128 127 -128 46 -36 89 -128 127 127 -91 102 127 -128 127 -128 -128 -42 77 127 113 101 -128 -128 127 127 127 -128 -67 127 -94 -82 -102 127 -75 -98 127 2 -128 -114 127 127 -128 -128 -29 104 35 -86 -128 -110 127 -118 -128 -128 -76 127 110 -121 -25 -128 88 -128 -38 -7 -81 80 79 109 -88 127 127 -7 127 91 13 
-43 -128 127 -128 77 -36 89 127 127 127 -91 56 127 -128 127 -128 -128 -74 77 127 113 101 -128 -128 127 127 127 -128 -67 127 -94 120 -102 -110 -75 127 127 2 -128 -114 127 127 -128 -128 -29 104 35 127 -128 -110 127 107 -128 -128 127 127 110 -121 -25 -128 88 -128 -38 -128 -81 80 103 109 -13 127 127 -7 -34 127 13 
123 -128 127 -86 -128 -36 89 -128 127 127 -91 56 127 -128 127 -128 -128 -42 77 127 113 101 -128 -128 127 127 -30 -125 -67 127 -94 -82 47 127 -75 -98 127 2 -128 -114 127 127 -128 -128 -29 104 35 127 -128 -110 127 -118 -128 -128 127 127 -128 -121 127 -128 88 -128 127 127 -81 80 103 109 127 127 127 127 -34 127 13 
-43 -128 127 -128 77 -36 89 -91 -46 127 -91 102 127 -128 127 -128 -128 -74 77 127 113 101 -128 -128 127 127 127 -128 -67 127 -94 120 -102 127 -75 -98 113 2 -128 -114 127 127 -128 -128 -89 104 35 127 -128 -110 127 -118 -128 -128 127 127 20 -121 -25 -128 88 -128 127 -7 -81 80 79 109 -13 127 127 127 127 91 13 
-43 -128 127 -128 -128 -36 89 -91 127 127 -91 56 127 -128 127 -128 -128 -74 77 127 113 101 -128 -128 127 127 127 127 -67 127 -94 -82 47 127 -75 -98 127 47 -128 -114 127 127 -128 -128 -29 104 35 127 -128 -110 127 107 -128 -128 127 127 110 -121 -21 -128 88 -128 -38 127 -81 80 79 109 -13 127 127 -7 -34 91 13 
-43 -128 127 -128 -128 127 89 -128 127 127 -91 102 127 -128 127 -128 -100 -74 77 127 113 101 -128 -128 127 127 127 -128 -67 127 -87 -82 -102 127 -75 -98 127 2 -128 -114 127 127 -128 -128 -29 104 35 -86 -128 -110 127 -118 -128 -128 127 127 110 -73 -21 -128 88 -128 -38 127 -81 80 79 109 -13 127 127 -7 127 91 120 
-43 -128 127 -128 77 -36 127 -91 127 127 -91 102 127 -128 127 12 -128 -74 77 127 113 101 -128 -128 127 127 127 -128 -67 127 -94 -82 47 127 -75 -98 127 2 -128 119 127 127 -128 -128 -29 104 35 127 -128 -110 127 107 -128 -128 127 127 110 -121 127 -128 88 -128 -38 -7 -81 80 79 109 -13 127 127 -7 127 91 13 
-43 -128 -128 -128 -128 -36 89 -91 127 127 -91 102 127 67 127 -128 -128 -74 77 127 113 101 -128 -100 127 127 127 -125 -67 127 -94 -82 -102 127 127 -98 127 2 -128 -114 127 127 -128 -128 -29 104 35 127 -128 -110 127 107 -128 -128 127 127 110 -121 -21 -128 127 -128 -38 127 -81 80 103 109 -13 127 -64 -7 -34 91 13 
123 -128 127 -128 77 -36 127 -91 127 127 -91 102 127 127 127 -128 -128 -74 77 127 113 101 -128 -100 127 127 127 -128 -67 127 -94 -82 -102 127 -128 -128 127 2 -40 10 127 127 -128 -128 80 104 35 127 -128 -50 127 107 -128 -128 127 127 110 -121 -21 -128 88 -128 -38 -7 -81 80 79 109 -13 127 127 -7 -34 -20 13 
-43 -128 127 -128 77 -36 89 -91 -128 127 -91 102 127 -128 127 -128 -128 -74 77 127 113 101 51 -128 127 127 127 -125 -67 127 -94 -128 -102 127 -128 -98 127 2 -128 -114 127 127 -128 -128 -89 104 35 127 -128 127 127 -118 -128 -128 127 127 110 -73 127 -128 88 -128 -38 127 -81 80 103 109 -13 127 127 127 127 91 13 
123 -128 127 -128 -128 -36 89 -91 127 127 -91 102 127 -128 127 -128 -128 -74 77 127 113 101 -128 -128 127 127 127 -128 -67 127 -87 -82 47 127 -128 -98 127 2 -128 -114 127 127 -128 -128 -29 104 35 127 -128 127 127 -118 -128 -128 127 127 110 -121 127 10 88 -128 -38 -7 -81 80 79 109 -88 127 127 -7 -34 91 13 
-43 -128 127 -128 77 -36 -108 -128 127 127 -91 102 127 -128 127 -128 -128 -74 77 127 127 101 -128 -128 127 127 127 -128 -67 127 -94 -82 47 127 -75 -98 127 2 -128 -114 127 127 -128 -128 -29 104 35 -86 -128 -110 127 107 -128 -128 127 127 110 -121 -21 -128 88 127 -38 127 -81 80 103 109 -13 127 127 -7 -34 127 13 
-43 -128 127 -128 -128 -36 89 -128 127 127 -91 102 127 -128 127 -128 -128 -74 77 127 113 101 -128 -100 127 127 127 -128 -67 127 -94 -82 47 127 -75 -98 -51 2 -128 -114 127 127 -128 -128 127 104 35 127 -128 -110 127 -118 -128 -128 127 127 110 -73 127 -128 88 -128 -38 127 -81 80 103 109 -13 127 127 -7 -34 127 13 
-43 -128 127 -128 77 -36 127 -128 127 127 -91 102 127 -128 127 -128 -128 91 77 127 113 101 -128 -100 127 -128 -30 -128 -67 127 -94 -82 47 127 -75 -98 127 2 -128 -114 127 127 -128 -128 -29 104 35 127 -128 -110 127 107 -128 -128 127 127 110 -73 -25 -128 88 -128 -38 127 -81 80 79 109 -13 127 127 127 127 -20 13 
-43 -128 127 -128 -128 -36 89 -91 127 127 -91 102 127 -128 127 -128 -128 -74 77 127 113 101 -128 -128 127 127 127 -128 -67 127 -94 -82 47 127 -128 -98 127 2 -128 -114 127 127 -128 -128 -29 104 35 127 -128 127 -1 -118 -74 -128 127 127 110 -121 127 -128 127 -128 -38 127 -81 80 103 109 127 127 127 -7 127 -128 13 
-43 -128 127 -128 77 -36 127 -91 127 25 -91 56 127 -128 127 -128 -128 -42 77 127 113 101 -128 -128 127 127 127 -128 -67 127 -94 -82 47 127 -75 -98 127 2 -128 -114 127 127 -128 -128 -89 104 35 127 -128 -50 127 -118 127 -128 127 127 110 -121 127 -128 127 -128 -38 -7 -81 80 103 109 -88 127 127 127 127 127 13 
123 -128 127 -128 77 127 89 -128 127 127 -91 56 127 -128 127 12 -128 -74 77 127 113 101 -128 127 127 127 127 -128 -128 127 -128 -82 -102 127 127 -98 127 2 -128 -114 127 127 -128 -128 -89 104 35 127 -128 -50 127 107 -128 -128 127 127 110 -121 127 10 127 -128 127 127 -81 80 79 109 -88 127 127 -7 -34 127 13 
