167 100
85 -17 100 -128 99 7 127 4 127 -128 20 10 -128 127 52 127 -128 24 19 69 43 92 127 -128 -128 -96 -71 127 127 -33 127 -53 -128 -128 -38 -128 113 -128 -128 127 0 20 -128 127 -128 -76 -46 -107 -78 -80 127 -75 127 111 -128 127 -128 -128 127 127 -27 127 -128 127 -29 -128 -38 127 -115 127 88 127 -128 -7 31 
85 -17 100 -128 99 7 127 4 127 -128 20 10 9 127 52 127 127 24 19 -128 43 92 127 -128 -128 -96 -71 -32 -17 -33 127 -53 -128 -128 -38 -128 113 -128 -128 127 0 20 -128 127 -128 -76 -46 -107 -78 -80 127 -75 127 111 -128 127 -128 -128 127 127 -27 127 -128 10 -29 -128 -38 127 -115 127 88 127 -128 -7 31 
85 -17 100 -128 99 7 127 -71 127 -128 20 10 9 127 52 127 -128 24 19 69 43 127 127 -128 -128 -96 -71 127 -58 -33 127 -53 -128 -128 -38 -128 113 -128 -128 127 0 20 -128 127 -128 -76 -46 -107 -78 -80 127 -75 127 111 127 127 -128 -128 127 127 -27 127 -128 127 -29 -128 127 127 -115 127 88 127 -128 -7 31 
85 -17 100 -128 99 7 127 4 127 -128 20 10 9 127 52 127 -128 24 19 69 43 92 127 -27 -128 -96 -71 127 -58 -33 127 -53 -128 -128 -38 -128 113 -128 -128 127 0 20 -128 127 -128 -76 -46 -107 -78 -80 127 -75 127 111 127 127 -128 -128 127 127 -27 127 -128 127 -29 -128 -38 127 -115 127 127 127 -128 -7 31 
85 -17 100 -128 108 7 127 4 127 -128 20 10 -78 127 52 127 -128 24 19 69 43 92 127 -128 -128 -96 -71 127 -58 -33 127 -53 -128 -128 -38 -128 113 -128 -128 127 0 20 -128 127 -128 -76 -46 -107 -78 -80 127 -75 127 111 -128 127 -128 -3 127 127 -27 127 -128 127 -29 -128 -38 127 -115 127 127 127 -128 4 31 
85 -17 100 -128 99 7 127 4 127 -128 20 10 9 127 -128 127 -128 24 19 69 43 92 127 -128 -128 -96 -71 127 -58 -33 127 -53 -128 -128 -38 -128 113 -128 -128 127 0 20 -128 127 -128 -76 -46 -107 -78 -80 127 -75 127 111 -128 127 -128 -128 -83 127 -27 127 -128 127 -29 -128 -38 127 -115 127 127 127 -128 -7 31 
85 -17 100 -128 99 7 127 4 127 -128 20 10 9 127 52 127 -128 24 19 69 38 92 127 -128 -128 -96 -71 127 127 -33 127 -53 -128 -128 -38 -128 113 -128 -128 127 0 20 -128 127 -128 -76 -46 -107 -78 -80 127 -75 127 111 -128 127 -128 -128 127 127 -27 127 -128 127 -29 -128 -38 127 -115 127 88 127 -128 -7 31 
85 -17 100 -128 99 7 127 4 127 -128 20 10 9 127 52 127 -128 24 19 69 38 127 127 -128 -128 -96 -71 127 127 -33 127 -53 -128 -128 -38 -128 113 -128 -128 127 0 20 -128 127 -128 102 -46 -107 -78 -80 127 -75 127 111 127 122 -128 -128 127 127 -27 127 -128 127 -29 -128 -38 127 -128 127 127 127 -128 -7 31 
85 -17 100 -128 99 7 127 4 127 -128 20 10 9 127 52 127 -128 24 19 69 38 92 127 -128 -128 -96 -71 127 127 -33 127 -53 -128 -128 -38 -128 113 -128 -128 127 0 20 -128 127 -128 -76 -46 -107 -78 -80 127 -75 127 111 -128 127 -128 -128 127 127 -27 127 -128 127 -29 -128 -38 127 -115 127 88 127 -128 -7 31 
85 -17 100 -128 99 7 127 4 127 -128 20 10 9 127 52 127 -128 24 19 69 43 127 127 -128 -128 -96 -71 127 127 -33 127 -53 -128 -128 -38 -128 113 -128 -128 127 0 20 -128 127 -128 -76 -46 -107 -78 -80 127 -75 127 111 127 127 -128 -128 127 127 -27 127 -128 127 -29 -128 -38 127 -115 127 88 127 -128 -7 31 
85 -17 100 -128 99 7 127 4 127 -128 20 10 9 127 52 127 -128 24 19 69 43 92 127 -128 -128 -96 -71 127 79 -33 127 -53 -128 -128 -38 -128 113 -128 -128 127 7 20 -128 127 -128 -76 -46 -107 -78 -80 127 -75 127 111 127 127 -128 -128 127 127 -27 127 -128 127 -29 -128 -38 127 -115 127 88 127 -128 -7 31 
85 -17 100 -128 99 7 127 4 127 -128 20 10 9 127 52 127 -128 24 19 69 43 92 127 -128 -128 -96 -71 127 -58 -33 127 -53 -128 -128 -38 -128 113 -128 -128 127 0 20 -128 127 -128 -76 -46 -107 -78 -80 127 -75 127 111 127 127 -128 -128 127 127 -27 127 -128 127 -29 -128 -38 127 -115 127 88 127 -128 -7 31 
85 -17 100 -128 99 7 127 4 127 -128 20 10 9 127 52 127 -128 24 19 69 38 127 127 -128 -128 -96 -71 127 127 -33 127 -53 -128 -128 -38 -128 113 -128 -128 127 0 20 127 127 -128 -76 -46 -107 -78 -80 127 -75 127 111 -128 127 -128 -128 127 127 -27 127 -128 127 -29 -128 -100 127 -115 127 88 127 -128 -7 31 
85 -17 100 -128 99 7 127 4 127 -128 20 10 9 127 52 127 -128 24 19 69 43 92 127 -128 -128 -96 -71 127 -58 -33 127 -53 -128 -128 -38 -128 113 -128 -128 127 0 20 -128 127 -128 -76 -46 -107 -78 -80 127 -75 127 111 127 127 -128 -128 127 127 -27 127 -128 127 -29 -128 -38 127 -115 127 88 127 -128 -7 31 
85 -17 100 -128 99 7 127 4 127 -128 20 10 9 127 52 127 -128 24 19 57 43 92 127 -128 -128 -96 -71 127 -17 -33 127 -53 -128 -23 -38 -128 113 -128 -128 127 0 20 -128 127 -128 -76 -46 -107 -78 -80 127 -75 127 111 127 127 -128 -128 127 127 -27 127 -128 127 -29 -128 -38 127 -115 127 68 127 -128 -7 31 
85 -17 100 -128 99 7 127 4 127 -128 20 10 9 127 52 127 -128 24 19 69 43 92 127 -128 -128 -96 -71 127 127 -33 127 -53 -128 -128 -38 -128 113 -128 -128 127 0 20 -128 127 -128 -76 -46 -107 -78 127 127 -75 127 111 -128 127 -128 -128 19 127 -27 127 -128 127 -29 -128 -38 127 -115 127 88 127 -128 -7 31 
85 -17 100 -128 99 7 127 4 127 -128 20 10 9 127 52 127 -128 24 19 69 38 92 127 -128 -128 -96 -71 127 -58 -33 127 -53 -128 -128 -38 -128 113 -128 -128 127 0 20 -128 127 -128 -76 -46 -107 -78 -80 127 -75 127 111 -128 127 -128 -128 127 127 -27 127 -128 127 -29 -128 -38 127 -115 127 127 127 -128 -7 31 
85 -17 100 -128 99 7 127 4 127 -128 20 10 9 127 52 127 -128 24 19 -14 43 92 127 -128 -128 -96 -71 127 -17 -33 127 -53 -128 -128 -38 -128 113 -128 -128 127 0 20 -128 127 -128 -76 -46 -107 -78 -2 127 -75 127 111 127 84 -128 -128 127 127 -27 127 -128 127 -29 -128 -38 127 -115 127 127 127 -128 -7 31 
85 -17 100 -128 99 7 127 4 127 -128 20 10 9 127 52 127 -128 24 19 69 43 127 127 -128 -128 -96 -71 127 127 -33 127 -53 -128 -128 -38 -128 113 -128 -128 127 0 20 -128 127 -128 -76 -46 -107 -78 -80 127 -75 127 111 127 127 -128 -128 127 127 -27 127 -128 127 -29 -128 -38 127 -115 127 127 127 -128 -7 -60 
85 -17 100 -128 99 7 127 4 127 -128 20 10 9 127 52 127 -128 24 19 69 43 21 127 -128 -128 -96 -71 127 -58 -33 127 -53 -128 -128 -38 -128 113 -128 -128 127 0 20 -128 127 -128 -76 -46 -107 -78 -80 127 -75 127 111 127 127 -128 -128 127 127 -27 127 -128 127 -29 -128 -38 127 -115 127 88 127 -128 -7 31 
85 -17 100 -128 99 7 127 4 127 -128 20 10 9 127 52 127 -128 24 19 69 43 92 -128 -128 -128 -96 -71 127 127 -33 127 -53 -128 -128 -38 -128 113 -128 -128 127 0 20 -128 127 -128 -76 -46 -107 -128 -80 127 -75 127 111 127 127 -128 -128 127 127 -27 127 -128 127 -29 -128 -38 127 -115 127 88 127 -128 -7 31 
85 -17 100 -128 99 7 127 4 127 -128 20 10 9 127 52 127 -128 24 19 69 38 127 127 -128 -128 -96 -71 127 -58 -33 127 -53 -128 -128 -38 -128 113 -128 -128 127 0 20 -128 127 -128 -76 -46 -107 -78 -80 127 -75 127 111 -128 127 -128 -128 127 127 -27 127 -128 127 -29 -128 -38 127 -115 127 127 127 -128 -7 31 
85 -17 100 -128 99 7 127 4 127 -128 20 10 9 127 52 127 -128 24 19 69 43 92 127 -128 -128 -96 -71 127 -17 -33 127 -53 -128 -128 -38 -128 113 127 -128 127 0 20 -128 -128 -128 -76 -46 -107 -78 -80 127 -75 127 111 127 127 -128 -128 127 127 -27 127 -128 127 -29 -128 -38 127 -115 127 88 127 -128 -7 -128 
85 -17 100 -128 99 7 127 4 127 -128 20 10 9 127 52 127 -128 24 19 69 38 92 127 -128 -128 -96 -71 127 -58 -33 127 -53 -128 -128 -38 -128 113 -128 -128 127 0 20 -128 127 -128 -76 -46 -107 -78 -80 127 -75 127 111 127 127 -128 -128 127 127 -27 127 -128 127 -29 -128 -38 127 -115 127 88 127 -128 -7 31 
85 -17 100 -128 99 7 127 4 127 -128 20 10 9 127 52 127 -128 24 19 69 38 127 127 -128 -128 -96 -71 127 127 -33 127 -53 -128 -128 -38 -128 113 -128 -128 97 0 20 -128 127 -128 -76 -115 -107 -78 -80 127 -75 127 111 127 127 -128 -128 127 127 -27 127 -128 127 -29 -128 -38 127 -115 127 127 125 -128 -7 31 
85 -17 100 -128 99 7 127 4 127 -128 20 10 9 127 52 127 -128 24 19 69 43 92 127 -128 -128 -96 -71 127 -58 -33 127 -53 -128 -128 -38 -128 113 -128 -128 127 0 20 -128 127 -128 -76 -46 -107 -78 -80 127 -75 127 111 127 127 -128 -128 127 127 -27 127 -128 127 -29 -128 -38 127 -115 127 127 127 -128 -7 31 
85 -17 100 -128 99 7 127 4 127 -128 20 10 9 127 52 127 -128 24 19 69 38 127 127 -128 -128 -96 -71 127 -58 -33 127 -53 -128 -128 -38 -128 113 -128 -128 127 0 20 -128 127 -128 -76 -46 -107 -78 -80 127 -75 127 111 -128 127 127 -128 127 127 -27 127 -128 127 -29 -128 -38 127 -115 127 88 127 -128 -7 31 
85 -17 100 -128 99 7 127 4 127 -128 20 10 9 127 52 127 -128 24 19 69 43 92 55 -128 -128 -96 -71 127 -17 -33 127 -53 -128 -128 -38 -128 113 -128 -128 127 0 20 -128 127 -128 -76 36 -107 -78 -80 127 -75 127 111 127 127 -128 -128 127 127 -27 127 -128 127 -29 -128 -38 127 -115 127 88 127 -128 -7 31 
85 -17 100 -128 99 7 127 4 127 -128 20 10 9 127 52 127 -128 24 19 69 43 92 127 -128 -128 -96 -71 127 127 -33 127 -53 -128 -128 -38 -128 113 -128 -128 127 0 20 -128 127 -128 -76 -46 -107 -78 -80 127 -75 127 111 127 127 -128 -128 127 127 -27 127 -128 127 -29 -128 -38 127 -115 127 88 127 -128 -7 31 
85 -17 100 -128 99 7 127 4 127 -128 20 10 9 127 52 127 -128 24 19 69 43 92 127 -128 -128 -96 -71 127 -58 -33 127 -53 -128 -128 -38 -128 113 -128 -128 127 0 20 -128 127 -128 -76 -46 -107 -78 -80 127 -75 127 111 -128 127 -128 -128 127 127 -27 127 -128 127 -29 -128 -38 127 -115 127 88 127 -128 -7 31 
85 -17 100 -128 99 7 127 4 127 -128 20 10 9 127 52 127 -128 24 19 69 43 127 127 -128 -128 -96 -71 127 -58 -33 127 -53 -128 -128 -38 -128 113 -128 -128 127 0 20 -128 127 -128 -76 -46 -107 -78 -80 127 -75 127 111 127 127 -128 -128 127 127 -27 127 -128 127 -29 -128 -38 127 -115 127 88 127 -128 -7 31 
85 -17 100 -128 99 7 127 4 127 -128 20 10 9 127 52 127 -128 24 19 69 -82 92 127 -128 -128 -96 -71 127 -17 -33 127 -53 -128 -128 -38 -128 113 -128 -128 127 0 20 -128 127 127 -76 -46 -107 -78 -80 127 -75 127 111 127 127 -128 -128 127 127 -27 127 -128 127 -29 -128 -38 127 -115 127 127 127 -128 -7 31 
85 -17 100 -128 99 7 127 4 127 -128 20 10 9 127 52 127 -128 24 19 69 43 92 127 -128 -128 -96 -71 127 -58 -33 127 -53 -128 -128 -38 -128 113 -128 -128 127 0 20 -128 127 -128 -76 -46 -107 -118 -80 127 -75 127 111 -128 127 -128 -128 127 127 -123 127 -128 127 -29 -128 -38 127 -115 127 88 127 -128 -7 31 
85 -17 100 -128 99 7 127 4 127 -128 20 10 9 127 52 127 -128 24 19 69 43 92 127 -128 -128 -96 -71 127 -6 -33 127 -53 -128 -128 -38 -128 113 -128 -128 127 0 20 -128 127 -128 -76 -46 -107 -78 -80 127 -75 127 111 127 127 -128 -128 127 127 -27 127 -128 127 -29 -128 -38 127 -115 127 127 127 -128 -7 31 
85 -17 100 -128 99 7 127 4 127 -128 20 10 9 127 52 -128 -128 24 19 69 38 92 127 -128 -128 -96 -71 127 -58 -33 127 -53 -128 -128 -38 -128 113 -128 -128 127 0 20 -128 127 -85 -76 -46 -107 -78 -80 127 -75 127 111 -128 127 -128 -128 127 127 -27 127 -128 127 -29 -128 -38 127 -115 127 88 127 -128 -7 31 
85 -17 100 -128 99 7 127 4 127 -128 20 10 9 127 52 127 -128 24 19 69 38 92 127 -128 -128 -96 -71 127 127 -33 127 -53 -128 -128 -38 -128 113 -128 -128 127 0 20 -128 127 -128 -76 -46 -107 -78 -80 127 -75 127 111 -128 127 -128 -128 127 -75 -27 127 -128 127 -29 -128 -38 127 -115 127 127 127 -128 -7 31 
85 -17 100 -128 99 7 127 4 127 -128 20 10 9 127 52 127 -128 24 19 69 43 92 127 -128 -128 -96 -71 127 127 -33 127 -53 -128 -128 -38 -128 113 -128 -128 127 0 20 -128 127 -128 88 -46 -107 -78 -80 127 -75 127 111 127 127 -128 -128 127 127 -27 127 -128 127 -29 -128 -38 127 -115 127 127 127 -128 -7 31 
85 -17 100 -128 99 7 127 4 127 -128 20 10 9 127 52 127 -128 24 19 69 38 127 127 -128 -128 -96 -71 127 127 -33 127 -53 -128 -128 -38 -128 113 -128 -128 127 0 20 -128 127 -128 -76 -46 -107 -78 -80 127 -75 127 111 127 127 -128 -128 127 127 -27 127 -128 127 -29 -128 -38 127 -115 127 88 127 -128 -7 31 
85 -17 100 -128 99 7 127 4 127 -128 20 10 9 127 52 127 -128 24 19 69 38 92 127 -128 -128 -96 -71 127 -58 -33 127 -53 -128 -128 -38 -128 113 -128 -128 127 0 20 -128 127 -128 -76 -46 -107 -78 -80 127 -75 71 111 -128 127 -128 -128 127 127 -27 127 -128 127 -29 -128 -38 127 -115 127 88 127 -128 -7 31 
85 -17 100 -128 99 7 127 4 127 -128 20 10 9 127 52 127 -128 24 19 69 43 92 127 -128 -128 -96 -71 127 -58 -33 127 -53 -128 -128 -38 -128 113 -128 -128 127 0 20 -128 127 -128 -76 -46 -107 -78 -80 127 -75 127 111 -128 127 -128 -128 127 127 -27 127 -128 127 -29 -128 -38 127 -115 127 88 127 -128 -7 31 
85 -17 100 -128 99 7 127 4 127 -128 20 10 9 127 52 127 -128 24 19 69 43 -31 127 -90 -128 -96 -71 127 -58 -33 127 -53 -128 -128 -38 -128 113 -128 -128 127 0 20 -128 127 -128 -76 -46 -107 -78 -80 127 -75 127 111 127 127 -128 -128 127 127 -27 127 -128 127 -29 -128 -38 127 -115 127 127 127 -128 -7 31 
85 -17 100 -128 99 7 127 4 127 -128 20 10 9 127 52 127 -128 24 19 69 43 92 127 -128 -128 -96 -71 127 127 -33 127 -53 -128 -128 -38 -128 113 -128 -128 127 0 20 -128 127 -128 -76 -46 -107 -78 -80 127 -75 127 111 127 127 -128 -128 127 127 -27 127 -128 127 -29 -128 -38 127 -115 127 88 127 -128 -7 31 
85 -17 100 -128 99 7 127 4 127 -128 20 10 9 127 52 127 -128 24 19 69 43 127 127 -128 -128 -96 -71 127 -17 -33 127 -53 -128 -128 -38 -128 113 -128 -128 127 0 20 -128 127 -128 -76 -46 -107 -78 -80 127 -75 127 111 -128 127 -128 -51 127 127 -27 127 -128 127 -29 -128 -38 127 -115 127 127 127 -128 -7 31 
85 -17 100 -128 99 7 127 4 127 -128 20 10 9 127 52 127 -128 24 19 69 43 127 127 -128 -128 -96 -71 127 127 -33 127 -53 38 -128 -38 -128 127 -128 -128 127 0 20 -128 127 -128 -76 -46 -107 -78 -80 127 -75 -52 111 127 127 -128 -128 127 127 -27 127 -128 127 -29 -128 -38 127 -115 127 88 127 -128 -7 31 
85 -17 100 -128 99 7 127 4 127 -128 20 10 9 127 52 127 -128 24 19 69 43 92 127 -128 -128 -96 -71 127 127 -33 127 -53 -128 -128 -38 -128 113 -128 -128 127 0 20 -128 127 -128 -76 -46 -107 -78 -80 127 -75 127 111 127 127 -128 -128 127 127 -27 127 -128 127 -29 -128 -38 127 -115 127 88 -69 -128 -7 31 
85 -17 100 -128 99 7 127 4 127 -128 20 10 9 127 52 -128 -128 24 19 69 38 127 127 -128 -128 -96 -71 127 127 -33 127 -53 -128 -128 -38 -128 113 -128 -128 127 0 20 -128 127 -50 -76 -46 -107 -78 -80 127 -75 127 111 127 127 -128 -128 127 127 -27 127 -128 127 -29 -128 -38 127 -115 127 88 127 -128 -7 31 
85 -17 100 -128 99 7 127 4 127 -128 20 10 9 127 52 127 -128 24 19 69 43 92 127 -128 -128 -96 -71 127 -17 -33 127 -53 -128 -128 -38 -128 113 -128 -128 127 0 20 -128 127 -128 -76 -46 -107 -78 -80 127 -75 127 111 127 127 -128 -128 127 127 -27 127 -128 127 -29 -128 -38 127 -115 127 127 127 -128 -7 31 
85 -17 100 -128 99 7 127 4 127 -128 20 10 9 127 52 127 -128 24 19 69 43 92 127 -128 -128 -96 -71 127 127 -33 127 -53 -128 -128 -38 -128 113 -128 -128 -128 0 20 -128 127 -128 -76 -46 -107 -78 -80 127 -75 127 111 127 127 -128 -128 127 127 -27 127 -128 78 -29 -128 -38 127 -115 127 127 127 -128 -7 31 
85 -17 100 -128 99 7 127 4 127 -128 20 10 9 127 52 127 -128 24 19 69 38 92 127 -128 -128 -96 -71 127 -58 -34 127 -53 -128 -128 -38 -128 113 -128 -128 127 0 20 -128 127 -128 -76 -46 -107 -78 -80 127 107 127 111 127 127 -128 -128 127 127 -27 127 -128 127 -29 -128 -38 127 -115 127 127 127 -128 -7 31 
85 -17 100 -128 99 7 127 4 127 -128 20 10 9 127 52 127 -128 24 19 69 43 127 127 -128 -128 -96 -71 127 127 -112 127 -53 127 -69 -38 -128 113 -128 -128 127 0 20 -128 127 -128 -76 -46 -107 -78 -80 127 -75 127 111 59 127 -128 -128 127 127 -27 127 -66 127 -29 -128 -38 127 -115 127 127 127 -128 -7 31 
85 -17 100 -128 99 7 127 4 127 -128 20 10 9 127 52 127 -128 24 19 69 38 127 89 -128 -128 -96 -71 127 127 -33 127 -53 -128 -128 -38 -128 113 -128 -128 127 0 20 -128 127 -128 -76 -46 -107 127 -80 -98 -75 127 111 127 127 -128 -128 127 127 -27 127 -128 127 -29 -128 -38 127 -115 127 127 127 -128 -7 31 
85 -17 100 -128 99 7 127 4 127 -128 20 10 9 127 52 127 -128 24 19 69 43 127 127 -128 -128 -96 -71 127 127 -33 127 -53 -128 -128 -38 -128 113 -128 -128 127 0 20 65 127 -128 -76 -46 -107 -78 -80 127 -75 127 111 -128 127 -128 -128 127 127 -27 127 -128 127 -29 -128 -38 127 -115 127 127 127 -128 -7 31 
85 -17 100 -128 99 7 127 4 127 -128 20 10 9 127 52 127 -128 24 19 69 38 92 127 -128 -128 -96 -71 127 -17 -33 127 -53 -128 -128 -38 -128 113 -128 -128 127 0 20 -128 127 -128 -76 -46 -107 -78 -80 127 -75 127 111 127 127 -128 -128 127 127 -27 127 -128 127 -29 -128 -38 127 -115 127 127 127 -128 -7 31 
85 -17 100 -128 99 7 127 4 127 -128 20 10 9 127 52 127 -128 24 19 69 43 92 127 -128 -128 -96 -71 127 127 -33 127 -53 -128 26 -38 -128 113 -128 -128 127 0 20 -128 127 -128 -76 -46 -107 -78 -80 127 -75 127 111 -87 127 -128 -128 127 127 -27 127 -128 127 -29 -128 -38 127 -115 127 88 127 -128 -7 31 
85 -17 100 -128 99 7 127 -128 127 -128 20 10 9 127 52 127 -128 24 19 69 43 92 127 -128 -128 -96 -71 127 -58 -33 127 -53 -128 -128 -38 -128 113 -128 -128 127 0 127 -128 127 -128 -76 -46 -107 -78 -80 127 -75 127 111 127 127 -128 -128 127 127 -27 127 -128 127 -29 -128 -38 127 -115 127 88 127 -128 -7 31 
85 -17 100 -128 99 7 127 4 127 -128 20 10 9 127 52 127 -128 24 19 69 38 92 127 -128 -128 -96 -71 127 -58 -33 127 -53 -128 -128 -38 -128 127 -128 -128 127 0 20 -128 127 -128 -76 -46 -107 -78 -80 127 -75 127 111 127 127 -128 -128 127 127 -27 127 -128 127 -29 -128 -38 127 -115 127 88 127 -128 -7 31 
85 -17 100 -128 99 7 127 4 127 -128 20 10 9 127 52 127 -128 24 19 69 38 92 127 -128 -128 -96 -71 127 -58 -33 127 -53 -128 -128 -38 -128 113 -128 -128 127 0 20 -128 127 -128 -76 -46 -107 -78 -80 127 -75 127 111 -128 127 -128 -128 127 127 -27 127 -128 127 -29 -128 -38 127 -115 127 127 127 -128 -7 31 
-128 -17 100 -128 99 7 127 4 127 -128 20 10 9 127 52 127 -128 24 19 69 43 127 127 -128 -128 -96 -71 127 -58 -33 127 -53 -128 -128 -38 -128 113 -128 -128 127 0 20 -128 127 -128 -76 -46 -107 -78 -80 127 -75 127 111 127 127 -128 -128 127 127 -27 127 -128 127 -29 -128 -38 127 -115 127 88 127 -128 -7 31 
85 -17 100 -128 99 7 127 4 127 -128 20 10 9 127 52 127 -128 24 19 69 38 92 127 -128 -128 -96 -71 127 127 -33 127 -53 -128 -128 -38 -128 113 -128 -128 127 0 20 -128 127 -128 -76 -46 -107 -78 -80 127 -75 127 111 127 127 -128 -128 127 127 -27 -128 -128 127 -29 -128 -38 127 -115 127 88 127 -128 -7 31 
85 -17 100 -128 99 7 127 4 127 -128 20 10 9 127 52 127 -128 24 19 69 -128 92 127 -128 -128 -96 -71 127 -17 -33 127 -53 -128 -128 -38 -128 113 -128 -128 127 127 20 -128 127 -128 -76 -46 -107 -78 -80 127 -75 127 111 127 127 -128 -128 127 -127 -27 127 -128 127 -29 -128 -38 127 -115 127 127 127 -128 -7 31 
-66 -17 100 -128 99 7 127 4 127 -128 20 10 9 127 52 127 -128 24 19 69 43 92 127 -128 -128 -96 -71 127 -17 -33 127 -53 -128 -128 -38 -128 113 -128 -128 127 0 20 -128 127 -128 -76 -46 -107 -78 -80 127 -75 127 111 -128 127 -128 -128 127 127 -27 127 -128 127 -29 -128 -38 127 -115 -50 88 127 -128 -7 31 
85 -17 100 -128 99 -121 127 4 127 -128 20 10 9 127 52 127 -128 24 19 69 38 127 127 -128 -128 -96 -71 127 -17 -33 127 -53 -128 -128 -38 -128 113 -128 -128 127 0 20 -128 127 -128 -76 -46 -107 -78 -80 127 -75 127 111 -128 127 -128 -128 127 127 -27 127 -128 127 -29 -128 -38 127 -115 -103 127 127 -128 -7 31 
85 -17 100 -128 99 7 127 4 127 -128 20 10 9 127 52 127 -128 24 19 127 43 127 127 -128 -128 -96 -71 127 127 -33 127 -53 8 -128 -38 -128 113 -128 -128 127 0 20 -128 -128 -128 -76 -46 -107 -78 -128 127 -75 127 111 -128 127 -128 -128 127 127 65 127 127 127 -29 -128 -38 127 -115 127 127 127 -128 -7 31 
85 -17 100 -128 99 7 127 4 127 -128 20 10 9 127 52 127 -128 24 19 69 43 84 2 -128 -128 -96 -71 127 -17 -33 127 -53 -128 -128 -38 -128 113 -128 -128 127 0 20 -128 127 -128 -76 -46 -107 -78 -80 127 -75 127 111 -128 127 -128 -128 127 127 -27 127 -128 127 -29 -128 -38 127 -115 127 88 127 -128 -7 31 
85 -17 100 -128 99 7 127 4 127 -128 20 10 9 127 52 127 -128 24 19 69 38 92 127 -128 -128 -96 -71 127 127 -33 127 -53 -128 -128 -38 -128 113 -128 -128 127 0 20 -128 127 -128 -76 -46 -107 -78 -80 127 -75 127 111 127 127 -128 -128 127 127 -27 127 -128 127 -29 -128 -38 127 -115 127 127 127 -128 -7 31 
85 -17 100 -128 99 7 127 4 127 -128 20 10 9 127 52 127 -128 24 19 69 43 92 127 -128 -128 -96 -71 127 -128 -33 127 -53 -128 -128 -38 -128 113 -128 -128 127 0 20 -128 127 -128 -76 -46 -107 -78 -80 127 -75 127 -50 127 127 -128 14 127 127 -27 127 -128 127 -29 -128 -38 127 -115 127 88 127 -128 -7 31 
85 -17 100 -128 99 7 127 4 127 -128 20 10 9 127 52 127 -128 24 19 69 43 92 127 -128 -128 -96 -71 127 -17 -33 127 -53 -128 -128 -38 -128 113 -128 -128 127 0 20 -128 127 -128 -76 -46 -107 -78 -80 127 -75 127 111 127 127 -128 -128 127 127 -27 127 -128 127 -29 -128 -38 127 -52 127 127 127 -128 -7 31 
85 -17 100 -128 99 7 127 4 127 -128 20 10 9 127 52 127 -128 24 19 127 43 127 127 -128 -128 -96 -71 127 -17 -33 127 -53 -128 -128 -38 -128 113 -128 -128 127 0 20 -128 127 -128 -76 -67 -107 -78 -80 127 -75 127 111 -128 127 -128 -128 127 127 -27 127 -128 127 -29 -128 -38 127 -115 127 127 127 -128 -7 31 
85 -17 100 -128 99 7 127 4 127 -128 20 10 9 127 52 127 -128 24 19 69 43 127 127 -128 -128 -96 -71 127 -17 -33 127 -53 -128 -128 -38 -128 113 -128 -128 127 0 20 -128 127 -128 -76 -46 -107 -78 -80 127 -75 127 111 -128 127 -128 -128 127 127 -27 127 -128 127 -29 -128 -38 127 -115 127 88 127 -128 -7 31 
85 -17 100 -128 99 7 127 4 127 -128 20 10 9 127 52 127 -128 24 19 69 43 92 127 -128 -128 -96 -71 127 -17 -33 127 -53 -128 -128 -38 -128 113 -128 -128 127 0 20 -128 127 -128 -76 -46 -107 -78 -80 127 -75 127 111 -128 127 -128 -128 127 127 -27 127 -128 127 -29 -128 -38 127 -115 127 127 127 -128 -7 31 
21 -17 100 -128 99 7 127 4 127 -128 20 10 9 127 52 127 -128 24 19 69 43 92 127 -128 -128 -96 -71 127 127 -33 127 -53 -128 -128 -38 -128 113 -128 -128 127 0 20 -128 127 -128 -76 -46 -107 -78 -80 127 -75 -128 111 127 127 -128 -128 127 127 -27 127 -128 127 -29 -128 -38 127 -115 127 88 127 -128 -7 31 
85 -17 100 73 99 7 127 4 127 -128 20 10 9 127 52 127 -109 24 19 69 43 92 127 -128 -128 -96 -71 127 -58 -33 127 -53 -128 -128 -38 -128 113 -128 -128 127 0 20 -128 127 -128 -76 -46 -107 -78 -80 127 -75 127 111 127 127 -128 -128 127 127 -27 -41 -128 127 -29 -128 -38 127 -115 127 88 127 -128 -7 31 
85 -17 100 -128 99 7 127 4 127 -128 127 10 9 127 52 127 -128 24 19 69 43 92 127 -128 -128 -96 -71 127 -58 -33 127 -53 -128 -128 -38 -128 113 -128 -128 127 0 20 -128 127 -128 -76 -46 -107 -78 -80 127 -75 127 111 127 127 -128 -128 127 127 -27 127 -128 127 -29 -128 -38 127 -11 127 88 127 -128 -7 31 
85 -17 100 -128 99 7 127 4 127 -128 20 10 9 127 52 127 -128 24 19 69 43 127 127 -128 -128 -96 -128 127 -127 -33 127 -53 -128 -128 -38 -128 113 -128 -128 127 0 20 -128 127 -128 -76 -46 -107 -78 -80 127 -75 127 111 127 127 -128 -128 127 127 -27 127 -128 127 -29 -128 -38 127 -115 127 88 127 -128 -7 31 
85 -17 100 -128 99 7 127 4 127 -128 20 10 9 127 52 127 -128 24 19 69 38 92 127 -128 -128 -96 -71 127 127 -33 127 -53 -128 -128 -38 -128 113 -128 -128 127 0 20 -128 127 -128 -76 -46 -107 -78 -80 127 -75 127 111 127 127 -128 -128 127 127 -27 127 -128 127 -72 -128 -38 127 -115 127 127 127 -128 -7 31 
85 -17 100 -128 99 7 127 4 127 -128 20 10 9 127 52 127 -128 24 19 69 43 127 127 -128 -128 -96 -71 127 -17 -33 127 -53 -128 -128 -38 -128 113 -128 -128 127 0 20 -128 127 -128 -76 -46 -107 -78 -80 127 -75 127 111 -128 127 -128 -128 127 127 -27 127 -128 127 -29 -128 -38 127 -115 127 88 127 -128 -7 31 
85 -17 100 -128 99 7 127 4 127 -128 20 10 36 127 52 127 -128 24 19 69 38 -13 127 -128 -128 -96 -71 127 -17 -33 127 -53 127 -128 -38 -128 113 -128 -128 127 0 20 -128 127 -128 -76 -46 -107 -78 -80 127 -75 127 111 127 127 -128 -128 127 127 -27 127 -128 127 -29 -128 -38 127 -115 127 88 127 -128 127 31 
85 -17 100 -128 99 7 127 4 127 -128 20 10 9 127 52 127 -128 24 19 69 38 92 127 -128 -128 -96 -71 127 127 -33 127 -53 -128 -128 -38 -128 113 35 127 127 0 20 -128 127 -128 -76 -46 -107 -78 -80 127 -75 127 111 127 127 -128 -128 127 127 -27 127 -128 127 -29 -128 -38 127 -115 127 127 127 -128 -7 31 
85 -17 100 -128 99 7 127 4 127 -128 20 10 9 127 52 127 -128 24 19 69 38 92 127 -128 -128 -96 -71 127 127 -33 127 -98 -128 -128 -38 -128 113 -128 -128 127 0 20 -128 127 -128 -76 -46 -107 -78 -80 127 -75 127 111 -128 127 -128 -128 127 127 -27 127 -128 127 -29 -128 -38 127 -115 127 88 127 -128 -7 31 
85 -17 100 -128 99 7 127 4 127 -128 20 10 9 127 52 127 -128 24 19 69 38 92 127 -128 -128 -96 -128 127 -17 -33 127 -53 -128 -128 -38 -128 113 -128 -128 127 -26 20 -128 127 -128 -76 -46 -107 -78 -80 127 -75 127 111 127 127 -128 -128 127 127 -27 127 -128 127 -29 -128 -38 127 -115 127 88 127 -128 -7 31 
85 -17 100 -128 99 7 127 4 127 -128 20 10 9 127 52 127 -128 24 19 69 38 92 127 -128 -128 -96 -71 127 -17 -33 127 -53 -128 -62 -38 -128 113 -128 -128 127 0 20 -128 127 -128 -76 -46 -107 -78 -80 127 -75 127 111 127 127 -128 -128 127 127 -27 127 -128 127 -29 -128 -38 127 -115 127 88 127 -128 -7 31 
85 -17 100 -128 99 7 127 4 127 -128 20 10 9 127 52 127 -128 24 19 69 38 127 127 -128 -128 -96 -71 127 -128 -33 127 -53 -128 -128 -38 -128 113 -128 -128 127 0 20 -128 127 -128 -76 -46 -107 -78 -80 127 -75 127 111 127 127 -128 -128 127 127 -27 127 -128 127 -29 -128 -38 127 -115 127 88 127 -128 -7 31 
85 -17 100 -128 99 7 127 127 127 -128 20 10 9 127 52 127 -61 24 19 69 -128 127 127 -128 -128 -96 -71 127 127 -33 127 -53 -128 -128 -38 -128 113 -128 -128 127 0 20 -128 127 -128 -76 -46 -107 -78 -80 127 -75 127 111 -128 127 -128 -128 127 127 -27 127 -128 127 -29 -128 -38 127 -115 127 127 127 -128 -7 31 
85 -17 100 -128 99 7 127 4 127 -128 20 10 9 127 52 127 -128 24 19 69 43 92 127 -128 -128 -96 -71 127 -17 -33 127 -53 -128 -128 -38 -128 -96 -128 -128 127 0 20 -128 127 -128 -76 -46 115 -78 -80 127 -75 127 111 -128 127 -128 -128 127 127 -27 127 -128 127 -29 -128 -38 -128 -115 127 88 127 -128 -7 31 
85 -17 100 -128 99 7 127 4 127 -128 20 10 9 127 52 127 -128 24 19 69 38 92 127 -128 -128 -96 -71 127 127 -33 127 -53 -128 -128 -38 -128 113 59 -128 127 0 20 -128 127 -128 -76 -46 -107 -78 -80 127 -75 127 111 127 127 -128 -128 127 127 -27 127 -128 127 -29 -128 -38 127 -115 127 127 127 -128 -7 31 
-125 -17 100 -128 99 7 127 4 127 -128 20 10 9 127 52 127 -128 24 19 69 38 92 127 -128 -128 -96 -71 127 -58 -33 127 -53 -128 -128 -38 -128 113 -128 -128 127 0 20 -128 127 -128 -76 -46 -107 -78 -80 127 -75 127 111 127 127 -128 -128 127 127 -27 127 -128 127 -29 -128 -38 127 -115 127 7 127 79 -7 31 
85 -17 100 -128 99 7 127 4 127 -128 20 10 9 -71 52 127 -128 24 19 69 43 92 127 -128 -128 -96 -71 127 -58 -33 127 -53 -128 -128 -38 -128 113 -128 -128 127 0 20 -128 127 -128 -76 -46 -107 -78 -80 127 -75 127 111 -128 127 -128 -128 127 127 -27 127 -128 127 -29 -128 -38 127 -115 127 127 127 -128 -7 31 
85 -17 100 -128 99 7 127 4 127 -128 20 10 9 127 52 127 -128 24 19 69 43 92 127 -128 -128 -96 -71 127 127 -33 127 -53 -128 -128 -38 -128 113 -128 -128 127 0 127 -128 127 -128 -76 -46 -107 -78 -80 127 -75 127 111 127 127 -128 -128 127 127 -27 127 -128 127 -29 -128 -38 127 -115 127 127 127 -128 -7 31 
85 -17 100 -128 99 7 127 4 127 127 20 10 9 127 52 127 -128 24 19 69 43 92 127 -128 -128 -96 -71 127 -17 -33 127 -53 -128 -128 -38 -128 113 -128 -128 127 0 127 -128 127 -128 -76 -46 -107 -78 -80 127 -75 127 111 127 127 -128 -128 127 127 -27 127 -128 127 -29 -128 -38 127 -115 71 88 127 -128 -7 31 
85 -17 100 -128 99 7 127 4 127 -128 20 10 127 127 52 127 -128 24 19 69 38 92 127 -128 -128 -96 -71 127 -58 -33 127 -53 -128 -128 -38 -128 113 -128 -128 127 0 20 -128 127 127 -76 -46 -107 -78 -80 127 -75 127 111 -128 127 -128 -128 127 127 -27 127 -128 127 -29 -128 -38 127 -115 127 88 127 -128 -7 31 
85 -17 100 -128 99 7 127 4 127 -128 20 10 127 127 52 127 -128 24 19 69 43 92 127 -128 -128 -96 -71 127 -58 -33 127 -53 -128 -128 -38 -128 113 -128 -128 127 0 20 -128 127 -128 -76 -46 -107 -128 -80 127 -75 127 111 127 127 -128 -128 127 127 -27 127 -128 127 -29 -128 -38 127 -115 127 88 127 -128 -7 31 
85 -17 100 -128 99 7 127 4 127 -128 20 10 9 127 52 127 -128 24 19 69 43 92 127 -128 -128 -96 -71 127 127 -33 127 -53 127 -128 -38 -128 113 -128 -128 -128 0 -26 -128 127 -128 -76 -46 -107 -78 -80 127 -75 127 111 127 127 -128 -128 127 127 -27 -50 -128 127 -29 -128 -38 127 -115 127 88 127 -128 -7 31 
85 -17 100 -128 99 7 127 64 127 -128 20 10 9 127 52 127 -128 24 19 69 38 127 127 -128 -128 -96 -71 127 -58 -33 127 -53 -128 -128 -38 -128 113 -128 -128 127 0 20 -128 127 -128 -76 -46 -107 -78 -80 127 -75 127 111 127 127 -128 -128 127 127 -27 127 -128 127 -29 -128 -38 127 -115 127 88 127 -128 -7 31 
85 -17 100 -128 81 7 127 127 127 -128 20 10 9 127 52 127 -128 24 19 69 38 127 127 -128 -128 -96 -71 127 127 -33 127 -53 -128 -128 -38 -128 113 -128 -128 127 0 20 -128 127 -128 -76 -46 -107 -78 -80 127 -75 127 111 127 127 -128 -128 127 127 -27 127 -128 127 -29 -128 -38 127 -115 127 127 127 -128 -7 31 
85 -17 100 -128 99 121 112 4 127 -128 20 10 9 127 52 127 -128 -22 19 69 38 92 127 -128 -128 -96 -71 127 -17 -33 127 -53 -128 -128 -38 -128 113 -128 -128 127 0 20 -128 127 -128 -76 -46 -107 -78 -80 127 -75 127 111 127 127 -128 -128 127 127 -27 127 -128 127 -29 -128 -38 127 -115 127 88 127 -128 -7 31 
85 -17 100 -128 99 7 127 4 127 -128 20 10 9 127 52 127 -128 24 19 69 38 92 127 -128 -128 -96 -71 127 -58 -33 127 -53 1 -128 -38 -128 113 -128 -128 127 0 -128 -128 127 -128 -76 127 -107 -78 -80 127 -75 127 111 -128 127 -128 -128 127 127 -27 127 -128 127 -29 -128 -38 127 -115 127 88 127 -128 -7 31 
85 -17 100 -128 99 7 127 4 127 -128 20 10 9 127 52 127 -128 24 19 69 38 92 127 -128 -128 -96 -71 127 -17 -33 127 -53 -128 -128 -38 -128 113 -128 -128 127 0 -128 -128 127 -128 -76 -46 -107 -78 -80 127 -75 127 111 127 127 -128 -128 127 127 -27 127 -128 127 -29 -128 -38 127 -115 127 88 127 -128 -7 31 
85 -17 100 -128 99 7 127 4 127 66 20 10 9 127 52 127 -128 24 19 69 43 92 127 -128 -128 -96 -71 127 127 -33 127 -53 -128 -128 -38 -128 -48 -128 -128 127 0 20 -128 127 -128 -76 -46 -107 -78 -80 127 -75 127 111 127 127 -128 -128 127 127 -27 127 -128 127 -29 -128 -38 127 -115 127 127 127 102 -7 31 
85 -17 100 -128 99 7 127 4 127 -128 20 10 9 127 52 127 -128 24 19 69 43 92 127 -128 -128 -96 -71 127 -58 -33 127 -53 -128 -128 -38 127 113 -128 -128 127 0 20 -128 127 -128 -76 -46 -107 -78 -80 127 -75 127 111 -128 127 -128 -128 127 127 -27 127 -128 127 -29 -128 -38 127 -115 127 127 127 -128 -7 31 
85 -17 100 -128 99 7 127 4 127 -128 20 10 9 127 52 127 -128 24 19 69 38 92 127 -128 -128 -96 -71 127 -17 -33 127 -53 -128 -128 -38 -128 113 -128 -128 127 0 20 -128 127 -128 -76 -46 -107 -78 -80 127 -75 127 111 127 127 -128 -128 127 127 -27 127 -128 127 -29 -128 -38 127 -115 127 127 127 -128 -7 127 
